Scratch 0.103183 507 361 514 369
Scratch 0.103589 72 621 169 641
Scratch 0.106901 468 633 484 640
Scratch 0.123716 1 347 31 619
Scratch 0.145967 1 382 28 400
Scratch 0.184288 2 4 40 302
Scratch 0.21282 1 5 13 47
Scratch 0.215063 257 334 267 347
Scratch 0.226509 425 329 440 343
Scratch 0.240664 502 604 592 641
Scratch 0.246219 524 422 529 431
Scratch 0.311121 421 332 432 341
Scratch 0.359433 593 507 609 514
Scratch 0.45509 203 220 210 238
Scratch 0.47982 453 427 457 434
Scratch 0.523352 490 1 584 25
Scratch 0.53157 64 42 70 99
Scratch 0.572112 1 207 27 343
Scratch 0.604873 2 350 26 491
Scratch 0.681563 352 224 360 241
Scratch 0.703069 590 25 639 91
Scratch 0.741323 67 418 93 443
Scratch 0.769168 158 518 176 624
Scratch 0.783671 434 321 444 344
Scratch 0.792262 621 558 641 627
Scratch 0.814041 129 1 192 60
Scratch 0.839224 33 531 49 614
Scratch 0.842522 361 1 395 54
Scratch 0.8624 549 198 588 226
Scratch 0.865643 2 189 92 401
Scratch 0.869426 430 202 460 259
Scratch 0.876785 161 334 183 356
Scratch 0.897886 137 459 164 481
Scratch 0.900445 229 525 309 564
Scratch 0.901726 516 361 529 372
Scratch 0.902411 564 412 582 526
Scratch 0.910181 108 141 157 245
Scratch 0.921671 511 195 531 311
Scratch 0.928477 555 313 606 395
Scratch 0.931843 303 79 330 119
Scratch 0.936324 79 166 130 304
Scratch 0.9381 376 94 429 168
Scratch 0.940016 354 360 399 422
Scratch 0.940108 225 387 264 455
Scratch 0.946072 448 291 477 402
Scratch 0.949069 243 199 279 294
