Scratch 0.102873 375 598 394 639
Scratch 0.115686 4 163 68 170
Scratch 0.121581 411 504 503 545
Scratch 0.128241 1 171 10 223
Scratch 0.130256 326 613 352 640
Scratch 0.141212 1 15 22 61
Scratch 0.141343 296 1 484 41
Scratch 0.143259 297 9 360 57
Scratch 0.182676 485 611 565 625
Scratch 0.198283 224 104 265 220
Scratch 0.228513 294 1 408 25
Scratch 0.235944 190 1 235 140
Scratch 0.31443 445 487 477 579
Scratch 0.367409 601 313 640 356
Scratch 0.385917 320 11 352 51
Scratch 0.545371 616 243 641 303
Scratch 0.556428 474 517 535 528
Scratch 0.589229 279 1 371 16
Scratch 0.606431 35 1 55 41
Scratch 0.616162 483 605 619 624
Scratch 0.639124 520 419 606 442
Scratch 0.781946 511 181 563 205
Scratch 0.807401 384 584 402 641
Scratch 0.820618 335 480 499 530
Scratch 0.827222 523 484 639 518
Scratch 0.861036 547 521 639 557
Scratch 0.882221 1 10 50 112
Scratch 0.885631 190 6 259 218
Scratch 0.887648 125 571 269 603
Scratch 0.890841 470 513 555 585
Scratch 0.896294 408 109 526 144
Scratch 0.90487 577 87 632 151
Scratch 0.921151 517 357 608 429
Scratch 0.924325 538 17 607 54
Scratch 0.9296 315 225 351 248
Scratch 0.93002 258 397 436 440
Scratch 0.944141 295 509 362 556
Scratch 0.954995 347 307 451 363
Scratch 0.958055 86 175 236 290
