Scratch 0.106245 560 365 610 408
Scratch 0.187945 566 379 599 410
Scratch 0.231617 473 621 565 641
Scratch 0.271694 629 6 640 46
Scratch 0.277946 87 601 141 641
Scratch 0.358216 209 332 221 341
Scratch 0.37221 112 424 117 432
Scratch 0.430259 608 347 641 593
Scratch 0.5037 572 32 581 93
Scratch 0.537523 186 427 190 434
Scratch 0.548075 59 1 119 25
Scratch 0.587567 375 334 385 347
Scratch 0.63232 35 509 49 516
Scratch 0.678523 431 220 439 238
Scratch 0.726749 449 1 521 61
Scratch 0.733386 247 1 295 57
Scratch 0.736718 613 215 641 343
Scratch 0.772464 547 418 575 443
Scratch 0.776976 197 321 209 344
Scratch 0.806051 592 529 609 616
Scratch 0.807253 465 520 484 617
Scratch 0.836872 1 556 23 626
Scratch 0.866788 459 334 481 356
Scratch 0.869074 479 459 503 479
Scratch 0.870392 112 362 125 372
Scratch 0.872208 548 197 634 393
Scratch 0.878434 3 29 51 88
Scratch 0.88697 50 198 92 227
Scratch 0.889571 180 202 210 259
Scratch 0.890819 59 409 78 525
Scratch 0.898851 332 523 413 563
Scratch 0.911052 485 142 532 248
Scratch 0.912782 312 79 338 118
Scratch 0.917632 109 192 132 314
Scratch 0.920269 36 311 88 394
Scratch 0.933947 241 361 285 424
Scratch 0.935503 212 95 266 166
Scratch 0.93735 166 288 196 402
Scratch 0.941796 509 163 564 309
Scratch 0.942563 362 196 398 294
Scratch 0.949807 377 386 416 456
