Scratch 0.105549 162 31 208 86
Scratch 0.10943 215 396 303 417
Scratch 0.119555 295 5 314 37
Scratch 0.125071 594 38 608 66
Scratch 0.139588 131 32 215 112
Scratch 0.149155 266 1 279 27
Scratch 0.152914 629 81 640 105
Scratch 0.179657 292 1 302 27
Scratch 0.194951 556 166 565 199
Scratch 0.25294 294 4 303 37
Scratch 0.270922 302 34 339 43
Scratch 0.325998 220 388 370 414
Scratch 0.337817 467 1 490 12
Scratch 0.39014 273 570 283 631
Scratch 0.560926 303 2 335 40
Scratch 0.614546 314 31 492 44
Scratch 0.630998 101 613 116 641
Scratch 0.743995 157 527 184 539
Scratch 0.744701 593 2 609 23
Scratch 0.746277 455 524 474 533
Scratch 0.761841 222 442 320 459
Scratch 0.777633 405 161 441 175
Scratch 0.800749 1 561 33 609
Scratch 0.892834 322 486 371 540
Scratch 0.894469 68 199 200 257
Scratch 0.898886 456 374 537 388
Scratch 0.905483 76 56 156 92
Scratch 0.940086 444 35 514 163
