Scratch 0.102159 314 286 322 308
Scratch 0.118739 607 564 633 636
Scratch 0.121087 534 602 571 639
Scratch 0.129969 49 489 116 524
Scratch 0.132298 371 266 382 276
Scratch 0.199798 1 356 23 614
Scratch 0.275466 1 367 18 495
Scratch 0.295182 151 617 158 641
Scratch 0.365708 568 547 594 630
Scratch 0.391274 193 591 211 607
Scratch 0.478198 583 582 622 640
Scratch 0.554671 530 585 560 640
Scratch 0.727614 579 539 606 641
Scratch 0.746322 175 102 259 126
Scratch 0.795909 447 604 487 625
Scratch 0.805464 294 28 367 77
Scratch 0.814268 261 358 329 422
Scratch 0.815172 436 157 489 200
Scratch 0.820594 581 189 640 252
Scratch 0.822788 159 46 207 76
Scratch 0.827115 102 192 183 254
Scratch 0.840094 557 545 583 628
Scratch 0.852599 227 243 254 367
Scratch 0.864233 587 50 605 112
Scratch 0.867638 291 530 387 640
Scratch 0.867749 401 27 497 111
Scratch 0.881736 19 82 58 143
Scratch 0.891948 386 457 416 553
Scratch 0.892563 358 100 383 182
Scratch 0.9132 83 280 125 382
Scratch 0.917421 276 187 325 231
Scratch 0.920878 569 312 600 449
Scratch 0.92139 436 283 466 407
Scratch 0.930873 190 132 256 234
