Scratch 0.109576 1 478 21 587
Scratch 0.129339 1 118 21 131
Scratch 0.159333 55 624 215 641
Scratch 0.229245 461 1 521 19
Scratch 0.256029 593 549 641 597
Scratch 0.269416 180 234 193 244
Scratch 0.290706 459 1 614 51
Scratch 0.305134 1 229 23 248
Scratch 0.311092 619 320 641 353
Scratch 0.397317 561 577 608 597
Scratch 0.433639 405 261 441 336
Scratch 0.477243 561 562 641 603
Scratch 0.538251 1 212 21 246
Scratch 0.602241 5 121 27 129
Scratch 0.615908 6 12 28 142
Scratch 0.64993 43 119 90 130
Scratch 0.69395 443 451 457 465
Scratch 0.707948 195 62 206 128
Scratch 0.712918 2 190 78 227
Scratch 0.719074 1 464 23 530
Scratch 0.797425 135 493 211 505
Scratch 0.806716 115 316 129 404
Scratch 0.818777 200 306 221 370
Scratch 0.82435 500 515 590 547
Scratch 0.824829 470 286 492 359
Scratch 0.851936 352 560 438 589
Scratch 0.859623 327 221 386 284
Scratch 0.945136 538 134 579 199
Scratch 0.945161 313 364 360 432
Scratch 0.948294 318 457 398 520
