Scratch 0.114967 611 219 619 503
Scratch 0.135787 251 27 270 37
Scratch 0.161251 383 1 398 13
Scratch 0.162596 424 544 438 641
Scratch 0.168806 584 40 589 112
Scratch 0.188421 589 151 593 174
Scratch 0.197854 610 90 620 368
Scratch 0.307909 608 236 621 641
Scratch 0.31296 88 428 94 437
Scratch 0.324642 244 279 270 285
Scratch 0.329217 60 238 65 246
Scratch 0.343639 389 1 400 21
Scratch 0.404166 101 119 260 135
Scratch 0.405456 248 23 264 34
Scratch 0.452996 424 565 448 641
Scratch 0.48588 412 52 425 97
Scratch 0.499089 204 14 214 86
Scratch 0.516996 610 113 616 265
Scratch 0.632258 581 3 588 109
Scratch 0.644549 88 392 126 426
Scratch 0.65539 1 372 29 382
Scratch 0.717833 55 119 147 135
Scratch 0.736119 248 1 338 44
Scratch 0.740676 154 122 276 152
Scratch 0.747493 46 232 70 293
Scratch 0.760014 108 137 133 144
Scratch 0.82381 412 9 429 99
Scratch 0.828762 91 569 162 580
Scratch 0.868721 467 147 482 262
Scratch 0.877369 492 8 506 84
Scratch 0.880454 550 226 626 246
Scratch 0.898055 495 413 578 609
Scratch 0.900673 334 237 408 257
Scratch 0.915871 208 205 242 261
Scratch 0.920091 136 236 161 285
Scratch 0.923295 320 385 369 412
Scratch 0.934516 386 415 448 563
Scratch 0.937141 214 431 264 463
Scratch 0.938616 105 70 199 96
