Scratch 0.108084 338 1 392 9
Scratch 0.126468 22 169 30 177
Scratch 0.145149 632 501 641 520
Scratch 0.145596 95 523 146 597
Scratch 0.151623 279 473 298 500
Scratch 0.160349 261 2 284 34
Scratch 0.173844 213 597 467 635
Scratch 0.186662 267 477 285 555
Scratch 0.203159 97 418 109 556
Scratch 0.230519 364 571 388 630
Scratch 0.264688 146 486 252 500
Scratch 0.350462 1 517 10 524
Scratch 0.367851 84 392 101 418
Scratch 0.478035 341 2 368 9
Scratch 0.558215 266 1 286 59
Scratch 0.634162 608 347 641 394
Scratch 0.658167 22 180 36 189
Scratch 0.663508 316 491 326 534
Scratch 0.694094 281 473 293 545
Scratch 0.742193 315 111 330 118
Scratch 0.769337 534 579 591 614
Scratch 0.775279 200 93 233 105
Scratch 0.779585 245 533 325 635
Scratch 0.780817 262 483 275 562
Scratch 0.807076 469 306 488 408
Scratch 0.817273 415 414 434 436
Scratch 0.829815 158 393 260 408
Scratch 0.830493 365 440 392 470
Scratch 0.83994 298 372 320 386
Scratch 0.845555 414 2 468 82
Scratch 0.869467 261 192 308 274
Scratch 0.88224 77 560 121 590
Scratch 0.889924 386 221 407 263
Scratch 0.890114 512 36 565 60
Scratch 0.893247 40 545 57 621
Scratch 0.895788 150 468 280 498
Scratch 0.898024 1 439 36 506
Scratch 0.903063 114 477 160 608
Scratch 0.905373 24 412 210 516
Scratch 0.906543 158 524 243 545
Scratch 0.908953 170 301 220 396
Scratch 0.911825 377 298 404 367
Scratch 0.913997 540 236 582 325
Scratch 0.944709 1 299 102 383
Scratch 0.94518 417 452 485 613
Scratch 0.949921 404 146 468 188
Scratch 0.955941 56 225 136 272
