Scratch 0.117868 240 1 322 21
Scratch 0.117936 310 1 323 8
Scratch 0.124562 139 534 194 544
Scratch 0.148982 1 389 10 437
Scratch 0.149782 240 1 321 54
Scratch 0.157762 214 240 219 249
Scratch 0.177436 120 100 134 104
Scratch 0.227641 1 259 16 277
Scratch 0.232293 1 237 16 280
Scratch 0.259336 274 1 311 75
Scratch 0.297648 142 539 194 547
Scratch 0.302133 263 407 273 411
Scratch 0.316599 307 398 314 404
Scratch 0.323609 271 47 287 60
Scratch 0.329131 542 31 548 46
Scratch 0.335786 279 1 294 71
Scratch 0.393757 2 609 54 617
Scratch 0.427359 299 293 306 309
Scratch 0.48496 286 1 300 67
Scratch 0.489518 609 622 641 639
Scratch 0.496052 161 107 168 111
Scratch 0.503207 472 1 485 87
Scratch 0.504878 525 532 532 641
Scratch 0.517121 270 8 287 82
Scratch 0.52975 534 1 559 21
Scratch 0.542404 294 1 310 67
Scratch 0.59514 240 4 246 46
Scratch 0.628599 590 162 595 176
Scratch 0.633103 130 148 134 165
Scratch 0.641399 385 25 401 42
Scratch 0.762848 284 206 294 218
Scratch 0.770051 287 57 423 76
Scratch 0.776001 210 430 228 444
Scratch 0.789143 58 121 82 229
Scratch 0.80968 304 463 342 471
Scratch 0.818614 306 572 402 581
Scratch 0.826102 1 413 27 504
Scratch 0.844189 245 495 264 587
Scratch 0.872678 469 453 493 504
Scratch 0.875101 238 167 259 177
Scratch 0.875572 70 364 131 381
Scratch 0.889309 166 73 191 91
Scratch 0.89531 330 7 416 22
Scratch 0.901001 76 2 137 78
Scratch 0.901945 540 509 640 588
Scratch 0.905747 422 1 464 83
Scratch 0.908688 548 495 592 531
Scratch 0.908811 298 148 404 165
Scratch 0.911969 147 177 171 248
Scratch 0.931938 344 169 382 260
Scratch 0.932798 75 579 153 637
Scratch 0.933382 360 47 556 161
Scratch 0.934676 469 189 581 285
Scratch 0.937783 242 281 283 367
Scratch 0.950792 416 311 510 351
Scratch 0.95805 553 60 593 142
