Scratch 0.106609 283 60 302 194
Scratch 0.117233 2 215 24 350
Scratch 0.144395 1 201 13 240
Scratch 0.159598 601 193 641 260
Scratch 0.226178 621 455 641 482
Scratch 0.25459 4 222 57 316
Scratch 0.2909 1 196 11 217
Scratch 0.326201 563 195 639 210
Scratch 0.343118 101 546 113 552
Scratch 0.384772 1 209 19 289
Scratch 0.403316 507 359 583 379
Scratch 0.405161 622 457 640 469
Scratch 0.414369 1 527 18 554
Scratch 0.456413 235 317 289 332
Scratch 0.489558 384 620 393 638
Scratch 0.491576 131 315 139 331
Scratch 0.536658 20 249 72 313
Scratch 0.542932 365 513 375 556
Scratch 0.567678 604 103 628 185
Scratch 0.570515 1 388 13 410
Scratch 0.59207 600 237 641 260
Scratch 0.668974 278 593 340 640
Scratch 0.695794 172 241 189 284
Scratch 0.732777 269 382 280 440
Scratch 0.738315 163 361 174 380
Scratch 0.739905 602 276 640 389
Scratch 0.752573 173 1 268 43
Scratch 0.772957 461 106 472 180
Scratch 0.82654 1 593 60 629
Scratch 0.837706 162 555 270 598
Scratch 0.850756 148 93 185 117
Scratch 0.864404 413 134 473 176
Scratch 0.866027 393 420 445 474
Scratch 0.878479 273 178 293 260
Scratch 0.882944 107 460 138 520
Scratch 0.893859 5 310 91 363
Scratch 0.90963 1 84 51 181
Scratch 0.917769 446 252 535 334
Scratch 0.929506 363 287 398 347
Scratch 0.949025 329 415 372 499
