Scratch 0.103803 256 440 305 472
Scratch 0.106372 513 2 549 44
Scratch 0.143529 584 1 626 21
Scratch 0.151725 455 298 474 496
Scratch 0.160268 622 197 640 213
Scratch 0.17818 579 429 587 484
Scratch 0.298588 447 293 466 509
Scratch 0.351201 535 1 627 21
Scratch 0.399919 118 465 171 637
Scratch 0.765001 547 365 641 400
Scratch 0.772021 409 397 449 549
Scratch 0.845362 205 294 256 439
Scratch 0.845618 587 442 639 468
Scratch 0.8493 450 465 640 541
Scratch 0.858257 333 384 347 474
Scratch 0.88436 244 1 498 365
Scratch 0.922899 167 560 226 609
Scratch 0.925811 2 483 98 579
Scratch 0.947441 98 86 220 222
