Scratch 0.116483 595 59 631 90
Scratch 0.131184 416 545 433 597
Scratch 0.194902 1 190 19 199
Scratch 0.196211 547 1 594 25
Scratch 0.232474 594 61 611 84
Scratch 0.275449 497 596 533 633
Scratch 0.302316 443 132 459 214
Scratch 0.31154 94 272 111 278
Scratch 0.598882 409 379 467 503
Scratch 0.688866 488 186 562 199
Scratch 0.703966 414 501 432 599
Scratch 0.706418 429 245 441 293
Scratch 0.771077 438 240 564 266
Scratch 0.771352 486 507 543 639
Scratch 0.802453 560 85 590 116
Scratch 0.805822 216 36 230 129
Scratch 0.818361 606 312 628 418
Scratch 0.821553 462 70 503 114
Scratch 0.837654 136 439 268 470
Scratch 0.853828 82 558 274 595
Scratch 0.887127 513 236 541 360
Scratch 0.916593 377 241 396 321
Scratch 0.937152 288 221 338 356
