Scratch 0.110866 494 626 523 640
Scratch 0.119308 324 337 341 372
Scratch 0.138591 464 628 505 641
Scratch 0.176272 492 628 510 641
Scratch 0.293476 102 171 115 179
Scratch 0.446499 115 158 130 208
Scratch 0.548875 154 171 164 182
Scratch 0.704603 336 260 384 266
Scratch 0.726293 121 606 285 634
Scratch 0.738097 335 273 363 296
Scratch 0.770458 3 278 69 287
Scratch 0.803894 264 149 317 215
Scratch 0.816186 493 336 584 390
Scratch 0.833775 1 362 38 460
Scratch 0.845538 615 417 641 452
Scratch 0.883529 223 278 303 335
Scratch 0.88461 503 380 542 406
Scratch 0.911483 435 273 641 377
Scratch 0.927232 207 76 279 230
Scratch 0.928604 128 1 209 93
Scratch 0.939564 10 1 124 113
Scratch 0.9539 454 371 624 575
