Scratch 0.100841 29 230 61 324
Scratch 0.106222 612 278 641 376
Scratch 0.138108 597 138 640 180
Scratch 0.163837 34 168 83 446
Scratch 0.214528 615 271 641 509
Scratch 0.277693 1 150 57 336
Scratch 0.416997 45 233 67 321
Scratch 0.569573 1 541 83 561
Scratch 0.654582 42 186 75 335
Scratch 0.725393 580 195 641 250
Scratch 0.762671 502 1 540 45
Scratch 0.778329 409 575 472 586
Scratch 0.789254 20 178 117 512
Scratch 0.876981 244 385 286 404
Scratch 0.885852 266 501 288 597
Scratch 0.891046 412 200 461 232
Scratch 0.908556 367 481 455 500
Scratch 0.914242 180 314 217 372
Scratch 0.919144 346 271 391 335
Scratch 0.930067 519 278 557 380
Scratch 0.94067 306 40 404 114
Scratch 0.947755 499 98 578 172
Scratch 0.95049 150 120 276 210
