Scratch 0.111147 412 477 417 493
Scratch 0.141301 551 281 622 297
Scratch 0.155568 577 596 584 640
Scratch 0.190854 475 156 498 277
Scratch 0.257725 207 164 234 181
Scratch 0.260944 486 167 495 283
Scratch 0.26288 579 370 641 383
Scratch 0.26444 285 25 299 51
Scratch 0.286961 258 459 307 523
Scratch 0.31021 581 110 588 116
Scratch 0.322868 613 523 640 558
Scratch 0.360908 221 364 280 370
Scratch 0.518699 613 523 640 538
Scratch 0.58031 563 136 595 145
Scratch 0.616165 203 70 267 79
Scratch 0.639731 292 22 306 159
Scratch 0.670698 545 228 641 248
Scratch 0.698611 219 564 254 573
Scratch 0.726206 549 269 641 296
Scratch 0.731319 318 542 335 555
Scratch 0.753396 601 432 641 498
Scratch 0.800001 502 562 572 583
Scratch 0.839601 409 156 576 266
Scratch 0.894286 413 303 436 395
Scratch 0.917398 367 447 391 503
Scratch 0.921658 578 48 622 134
Scratch 0.933699 505 223 556 343
Scratch 0.937716 240 463 286 530
Scratch 0.938341 281 451 313 511
Scratch 0.942848 373 29 497 123
Scratch 0.943071 361 372 449 449
Scratch 0.944637 443 484 475 570
Scratch 0.946006 200 381 313 415
Scratch 0.955337 230 224 336 302
Scratch 0.957715 510 443 571 519
Scratch 0.964494 376 184 416 257
