Scratch 0.10401 1 246 40 268
Scratch 0.118903 131 13 146 99
Scratch 0.132939 475 86 507 155
Scratch 0.163971 87 353 97 416
Scratch 0.170527 1 54 27 100
Scratch 0.178026 375 80 385 128
Scratch 0.247249 122 364 196 396
Scratch 0.251751 540 322 553 355
Scratch 0.273858 87 407 142 418
Scratch 0.317011 195 5 211 71
Scratch 0.36994 507 1 533 37
Scratch 0.389743 609 572 640 585
Scratch 0.43384 200 29 213 100
Scratch 0.502433 77 458 120 476
Scratch 0.513842 508 85 542 112
Scratch 0.705001 114 379 188 394
Scratch 0.709826 374 8 384 126
Scratch 0.710439 487 125 506 153
Scratch 0.758038 169 443 189 530
Scratch 0.771548 62 576 111 641
Scratch 0.794371 492 524 510 630
Scratch 0.805496 423 234 435 291
Scratch 0.820212 223 456 242 545
Scratch 0.823978 207 217 238 245
Scratch 0.836342 79 458 165 500
Scratch 0.843552 584 1 641 44
Scratch 0.856063 355 492 403 528
Scratch 0.8832 1 220 127 301
Scratch 0.894329 238 194 267 244
Scratch 0.90203 450 63 506 155
Scratch 0.912924 540 238 589 356
Scratch 0.936845 140 335 198 398
Scratch 0.957077 274 376 331 429
