Scratch 0.101211 339 1 362 15
Scratch 0.202689 49 130 55 143
Scratch 0.217905 1 291 23 301
Scratch 0.37983 205 1 248 44
Scratch 0.54738 193 596 205 641
Scratch 0.587498 294 1 411 28
Scratch 0.588999 139 385 195 557
Scratch 0.671811 173 424 192 549
Scratch 0.677137 15 417 26 468
Scratch 0.784379 309 574 368 640
Scratch 0.795471 402 553 423 609
Scratch 0.810382 1 519 92 641
Scratch 0.831376 63 368 91 393
Scratch 0.847451 188 488 222 586
Scratch 0.882318 74 213 104 277
Scratch 0.887785 249 509 317 545
Scratch 0.894224 173 214 191 330
Scratch 0.894904 100 58 164 92
Scratch 0.897794 335 149 374 232
Scratch 0.901106 241 142 283 232
Scratch 0.935968 351 419 387 497
Scratch 0.958651 317 257 393 299
Scratch 0.971804 71 531 127 587
