Scratch 0.149749 211 3 287 75
Scratch 0.150327 337 557 352 600
Scratch 0.1524 322 624 415 641
Scratch 0.15426 113 320 120 361
Scratch 0.159755 73 41 121 58
Scratch 0.16438 132 360 136 366
Scratch 0.20798 1 442 13 456
Scratch 0.219427 113 615 137 641
Scratch 0.26113 1 237 30 293
Scratch 0.2854 461 464 469 552
Scratch 0.305631 206 301 212 317
Scratch 0.311657 311 364 322 369
Scratch 0.374297 1 441 16 473
Scratch 0.390758 376 624 414 641
Scratch 0.50808 409 150 436 163
Scratch 0.567934 1 234 63 271
Scratch 0.639029 1 270 28 300
Scratch 0.733054 338 534 359 603
Scratch 0.740474 1 188 31 217
Scratch 0.798347 25 372 39 417
Scratch 0.807586 90 1 158 71
Scratch 0.837932 343 449 419 467
Scratch 0.840517 610 557 635 641
Scratch 0.841908 40 78 70 176
Scratch 0.856022 299 63 315 195
Scratch 0.871982 61 96 113 229
Scratch 0.872056 84 455 149 475
Scratch 0.877388 569 300 593 382
Scratch 0.881113 463 112 633 214
Scratch 0.884157 346 326 360 374
Scratch 0.890082 609 139 641 222
Scratch 0.891187 192 361 272 396
Scratch 0.89167 492 1 514 134
Scratch 0.892757 1 207 55 251
Scratch 0.897798 138 140 171 236
Scratch 0.899728 590 283 619 382
Scratch 0.900331 196 550 221 636
Scratch 0.90133 146 198 235 223
Scratch 0.902704 22 531 94 599
Scratch 0.906582 540 466 562 594
Scratch 0.941957 425 291 456 405
