Scratch 0.101441 343 395 403 406
Scratch 0.103923 55 451 64 459
Scratch 0.132775 598 129 608 136
Scratch 0.229973 79 20 114 36
Scratch 0.23525 106 1 168 11
Scratch 0.246472 124 512 130 533
Scratch 0.271753 338 395 383 403
Scratch 0.337161 32 1 38 391
Scratch 0.586742 196 423 202 430
Scratch 0.671866 293 425 311 436
Scratch 0.720863 373 401 404 412
Scratch 0.730062 351 610 410 616
Scratch 0.769045 196 593 214 641
Scratch 0.897929 237 479 261 535
Scratch 0.924604 180 535 274 619
Scratch 0.926346 56 473 117 545
Scratch 0.936819 149 408 185 500
Scratch 0.946005 341 449 389 511
Scratch 0.94892 318 563 432 598
Scratch 0.95128 314 466 348 527
