Scratch 0.106368 2 92 36 186
Scratch 0.111211 1 91 29 313
Scratch 0.130189 602 592 640 641
Scratch 0.159125 6 229 70 277
Scratch 0.256743 1 490 41 587
Scratch 0.280431 554 36 575 91
Scratch 0.358793 55 592 142 637
Scratch 0.425718 484 172 494 185
Scratch 0.427916 387 445 398 460
Scratch 0.497392 322 305 359 333
Scratch 0.548972 1 99 31 130
Scratch 0.563056 571 1 599 46
Scratch 0.576024 613 174 640 195
Scratch 0.58976 1 98 73 288
Scratch 0.632895 132 490 186 507
Scratch 0.653694 336 87 424 107
Scratch 0.692121 563 523 619 559
Scratch 0.723199 1 550 156 638
Scratch 0.72546 12 12 106 30
Scratch 0.816096 423 270 497 291
Scratch 0.830054 569 379 641 401
Scratch 0.856645 387 126 430 175
Scratch 0.862666 212 475 241 542
Scratch 0.874844 166 207 223 314
Scratch 0.923356 315 473 342 641
Scratch 0.934099 201 40 285 192
Scratch 0.945787 51 312 119 485
Scratch 0.948607 275 183 370 251
