Scratch 0.102085 263 610 274 640
Scratch 0.146978 266 172 271 181
Scratch 0.166396 1 1 79 10
Scratch 0.171248 19 103 135 125
Scratch 0.215255 302 503 344 518
Scratch 0.386904 43 80 77 229
Scratch 0.415369 13 2 109 26
Scratch 0.424725 1 111 73 119
Scratch 0.462297 436 133 446 157
Scratch 0.520837 46 150 83 231
Scratch 0.703861 179 1 310 19
Scratch 0.725553 207 282 303 302
Scratch 0.72637 1 276 95 325
Scratch 0.787144 168 195 293 210
Scratch 0.846402 549 348 568 389
Scratch 0.856418 309 497 393 528
Scratch 0.858425 455 83 541 101
Scratch 0.865541 58 42 156 78
Scratch 0.872673 446 1 479 39
Scratch 0.890653 138 449 200 488
Scratch 0.908028 238 366 324 399
Scratch 0.932882 497 231 552 299
Scratch 0.935897 435 515 515 551
Scratch 0.936405 266 1 356 107
Scratch 0.952288 346 166 452 284
