Scratch 0.115792 457 617 513 628
Scratch 0.11586 386 619 452 641
Scratch 0.122377 600 546 609 608
Scratch 0.147161 591 266 603 424
Scratch 0.149912 591 270 599 339
Scratch 0.176032 317 7 413 67
Scratch 0.196093 231 3 246 11
Scratch 0.232267 152 621 184 640
Scratch 0.26855 289 18 367 84
Scratch 0.290788 232 1 317 13
Scratch 0.35294 262 162 280 176
Scratch 0.389916 339 1 427 21
Scratch 0.401315 586 204 595 337
Scratch 0.440857 1 380 23 390
Scratch 0.491779 458 620 491 629
Scratch 0.503048 379 605 414 641
Scratch 0.529144 310 233 324 296
Scratch 0.642757 331 27 378 71
Scratch 0.658361 243 600 367 641
Scratch 0.686927 597 185 640 268
Scratch 0.719707 359 173 398 192
Scratch 0.737978 462 461 534 475
Scratch 0.740789 1 287 47 339
Scratch 0.759505 462 612 539 624
Scratch 0.760137 88 365 126 375
Scratch 0.78635 168 394 218 443
Scratch 0.826021 204 269 257 281
Scratch 0.828113 463 2 554 50
Scratch 0.84205 265 506 280 567
Scratch 0.861318 466 415 511 474
Scratch 0.864934 14 1 48 57
Scratch 0.865876 523 148 550 189
Scratch 0.879539 385 274 461 291
Scratch 0.903589 45 163 89 275
Scratch 0.913614 121 106 181 138
Scratch 0.927202 280 9 329 91
Scratch 0.929406 307 443 394 535
Scratch 0.945368 296 363 353 398
Scratch 0.948687 144 329 225 373
