Scratch 0.112674 387 624 398 638
Scratch 0.125435 455 403 494 479
Scratch 0.130603 468 438 493 475
Scratch 0.149759 500 467 506 475
Scratch 0.223882 502 201 608 215
Scratch 0.241877 548 307 612 314
Scratch 0.33584 620 540 641 561
Scratch 0.447012 605 62 640 196
Scratch 0.65273 481 1 539 69
Scratch 0.729065 414 621 472 641
Scratch 0.751076 133 428 139 473
Scratch 0.845595 144 597 217 640
Scratch 0.847787 239 593 379 609
Scratch 0.87589 334 398 359 451
Scratch 0.905604 215 71 281 163
Scratch 0.923025 556 362 582 548
Scratch 0.937209 289 136 384 246
Scratch 0.949659 192 489 301 553
Scratch 0.956589 426 320 515 385
Scratch 0.956779 268 239 382 343
Scratch 0.962027 131 230 183 328
