Scratch 0.11535 402 132 612 162
Scratch 0.12028 471 127 483 211
Scratch 0.136112 470 123 495 218
Scratch 0.378621 541 430 553 435
Scratch 0.390924 398 148 467 233
Scratch 0.414081 462 6 640 31
Scratch 0.434891 257 1 300 9
Scratch 0.450729 568 275 578 279
Scratch 0.603854 212 16 270 22
Scratch 0.635711 397 609 409 641
Scratch 0.762238 343 1 390 25
Scratch 0.831147 589 555 624 566
Scratch 0.855871 542 93 618 112
Scratch 0.887812 439 534 462 575
Scratch 0.888298 397 128 585 226
Scratch 0.892611 531 142 635 163
Scratch 0.900046 401 3 429 89
Scratch 0.902967 277 232 297 358
Scratch 0.920334 252 533 409 641
Scratch 0.920434 561 255 608 351
Scratch 0.937818 218 88 327 166
Scratch 0.941759 497 1 543 161
Scratch 0.945321 363 131 406 207
Scratch 0.957545 433 382 525 435
Scratch 0.973268 360 264 482 354
