Scratch 0.11454 51 276 63 494
Scratch 0.115322 566 622 594 640
Scratch 0.150136 366 17 423 25
Scratch 0.152722 613 268 640 366
Scratch 0.162961 339 173 355 220
Scratch 0.204174 409 616 425 622
Scratch 0.217428 446 138 451 155
Scratch 0.279971 331 4 611 27
Scratch 0.29509 1 382 18 524
Scratch 0.374333 259 576 282 589
Scratch 0.389481 394 632 419 641
Scratch 0.45038 606 334 640 346
Scratch 0.504141 566 621 579 641
Scratch 0.516163 344 566 522 575
Scratch 0.517934 628 212 641 322
Scratch 0.529317 542 140 554 318
Scratch 0.666319 573 547 641 566
Scratch 0.690195 585 181 640 213
Scratch 0.712097 353 295 377 402
Scratch 0.820966 369 276 392 410
Scratch 0.869593 344 273 365 337
Scratch 0.890513 470 66 507 107
Scratch 0.922681 344 102 437 142
Scratch 0.924811 517 442 580 500
Scratch 0.925695 532 74 616 95
Scratch 0.930608 396 308 638 498
Scratch 0.937611 437 269 483 349
Scratch 0.96502 401 174 477 235
