Scratch 0.107269 24 443 31 450
Scratch 0.107895 1 481 12 489
Scratch 0.131966 453 629 472 640
Scratch 0.14964 505 448 516 453
Scratch 0.155308 1 23 57 119
Scratch 0.160485 351 299 366 306
Scratch 0.191738 66 1 76 87
Scratch 0.213766 514 490 555 516
Scratch 0.32907 531 499 550 514
Scratch 0.331742 453 626 487 640
Scratch 0.378325 344 504 362 590
Scratch 0.399466 406 17 460 25
Scratch 0.461452 1 553 19 603
Scratch 0.472483 406 10 460 19
Scratch 0.481514 532 35 541 47
Scratch 0.530248 354 499 371 587
Scratch 0.559432 57 345 165 415
Scratch 0.625548 85 279 104 298
Scratch 0.629689 576 33 626 141
Scratch 0.744614 372 392 393 408
Scratch 0.753576 443 428 454 437
Scratch 0.765779 355 516 371 526
Scratch 0.777771 398 525 407 564
Scratch 0.779868 332 512 349 598
Scratch 0.804144 96 593 113 640
Scratch 0.808913 262 107 303 122
Scratch 0.811806 551 523 571 638
Scratch 0.82085 327 4 355 70
Scratch 0.830253 478 4 552 96
Scratch 0.833957 198 2 292 20
Scratch 0.835088 381 124 400 137
Scratch 0.853591 554 317 572 425
Scratch 0.871907 501 472 557 517
Scratch 0.875281 326 570 412 640
Scratch 0.875379 217 504 349 533
Scratch 0.881033 448 466 472 487
Scratch 0.905774 230 421 336 435
Scratch 0.91428 481 154 544 195
Scratch 0.91824 111 105 137 148
Scratch 0.926951 112 246 201 304
Scratch 0.92954 242 330 288 415
Scratch 0.929781 81 454 281 551
Scratch 0.942118 453 312 485 382
Scratch 0.948509 180 519 229 641
Scratch 0.954178 45 480 92 557
Scratch 0.957613 332 209 382 292
Scratch 0.960083 227 561 314 584
