Scratch 0.140757 221 587 248 631
Scratch 0.141231 471 607 478 618
Scratch 0.157934 536 586 573 640
Scratch 0.176799 166 1 378 35
Scratch 0.190647 459 341 543 447
Scratch 0.2064 442 593 479 601
Scratch 0.216714 538 565 556 641
Scratch 0.249579 531 569 599 641
Scratch 0.29224 584 1 626 41
Scratch 0.328952 455 1 543 184
Scratch 0.341555 84 2 104 14
Scratch 0.429342 269 464 365 492
Scratch 0.43696 483 318 523 468
Scratch 0.451107 601 362 609 424
Scratch 0.492716 1 1 27 137
Scratch 0.590558 604 364 614 477
Scratch 0.631017 419 613 461 640
Scratch 0.817496 250 560 259 640
Scratch 0.834197 495 237 506 321
Scratch 0.851304 550 558 576 640
Scratch 0.86854 576 555 597 639
Scratch 0.890428 467 368 575 412
Scratch 0.898542 276 308 350 430
Scratch 0.915048 191 284 230 442
Scratch 0.918827 417 427 476 591
Scratch 0.927373 323 511 431 591
