Scratch 0.102098 2 498 20 528
Scratch 0.108851 1 213 13 361
Scratch 0.113588 1 527 13 639
Scratch 0.147852 1 491 15 511
Scratch 0.197226 625 117 641 180
Scratch 0.242202 1 516 23 533
Scratch 0.31291 1 609 11 640
Scratch 0.357562 288 58 298 160
Scratch 0.524697 87 513 95 601
Scratch 0.532898 1 274 19 359
Scratch 0.551948 612 265 621 299
Scratch 0.567702 626 414 640 452
Scratch 0.58243 266 337 311 352
Scratch 0.607082 230 533 266 641
Scratch 0.63484 626 569 640 639
Scratch 0.635989 7 512 35 561
Scratch 0.714601 130 1 155 154
Scratch 0.739704 291 478 318 604
Scratch 0.746027 583 1 610 97
Scratch 0.748504 461 292 472 356
Scratch 0.772922 1 371 41 467
Scratch 0.774487 381 180 393 258
Scratch 0.7758 407 274 419 287
Scratch 0.777456 115 363 173 379
Scratch 0.783197 160 580 194 641
Scratch 0.81102 594 366 632 404
Scratch 0.849953 161 239 177 415
Scratch 0.860641 251 75 301 159
Scratch 0.871219 412 1 496 87
Scratch 0.87748 231 48 315 325
Scratch 0.892855 527 271 575 383
Scratch 0.900615 404 133 518 160
Scratch 0.916542 418 581 524 636
Scratch 0.936888 235 298 282 348
Scratch 0.950264 38 84 127 198
Scratch 0.958046 500 495 610 565
