Scratch 0.110567 425 337 435 513
Scratch 0.115679 589 419 607 474
Scratch 0.116587 495 487 507 547
Scratch 0.158392 456 410 469 503
Scratch 0.192973 465 291 484 501
Scratch 0.206116 112 479 142 583
Scratch 0.223417 119 140 295 154
Scratch 0.263194 501 483 516 546
Scratch 0.275795 451 213 602 233
Scratch 0.423611 133 443 179 619
Scratch 0.433682 600 425 641 464
Scratch 0.562834 258 302 312 438
Scratch 0.609238 563 360 639 397
Scratch 0.674998 461 295 477 503
Scratch 0.750099 127 308 170 448
Scratch 0.776937 99 56 223 208
Scratch 0.777955 388 138 634 175
Scratch 0.792189 108 495 126 571
Scratch 0.829173 196 299 262 451
Scratch 0.855417 267 1 531 365
Scratch 0.859463 454 462 639 544
Scratch 0.861023 167 552 234 613
Scratch 0.913321 1 482 97 580
