Scratch 0.13871 539 87 546 97
Scratch 0.139744 433 6 537 33
Scratch 0.14181 1 16 71 112
Scratch 0.142565 1 50 41 120
Scratch 0.177352 563 620 598 641
Scratch 0.36237 71 489 89 532
Scratch 0.365188 10 1 348 70
Scratch 0.442051 1 396 25 425
Scratch 0.495769 1 4 125 90
Scratch 0.502663 136 123 186 151
Scratch 0.571788 477 426 545 470
Scratch 0.597603 552 547 573 595
Scratch 0.633418 1 491 33 543
Scratch 0.645636 483 459 494 470
Scratch 0.700055 322 532 423 554
Scratch 0.725285 568 74 637 116
Scratch 0.763371 315 305 355 332
Scratch 0.787421 12 612 108 628
Scratch 0.804398 386 469 427 517
Scratch 0.814831 577 241 641 260
Scratch 0.817741 427 351 495 371
Scratch 0.871199 210 93 244 172
Scratch 0.917869 312 1 341 165
Scratch 0.920476 166 333 220 432
Scratch 0.944766 50 157 120 329
Scratch 0.955897 276 391 369 457
Scratch 0.960044 201 446 285 599
