Scratch 0.107636 105 1 181 76
Scratch 0.163405 503 632 510 641
Scratch 0.457105 23 39 43 114
Scratch 0.601756 91 558 122 627
Scratch 0.648878 364 318 372 324
Scratch 0.70821 257 562 264 568
Scratch 0.732233 379 313 386 320
Scratch 0.753357 380 372 385 382
Scratch 0.761395 385 429 457 513
Scratch 0.798947 63 535 78 586
Scratch 0.806546 328 416 337 477
Scratch 0.861731 318 162 339 182
Scratch 0.862398 112 324 193 453
Scratch 0.869537 219 480 246 538
Scratch 0.881799 322 159 471 186
Scratch 0.885521 459 543 470 570
Scratch 0.895499 408 278 526 303
Scratch 0.910961 224 601 342 628
Scratch 0.911933 125 256 176 317
Scratch 0.915672 502 149 631 189
Scratch 0.923993 477 428 549 542
Scratch 0.929545 194 109 267 245
Scratch 0.936195 172 45 222 129
Scratch 0.938644 19 237 76 396
Scratch 0.941997 505 321 629 432
Scratch 0.958412 66 535 127 587
