Scratch 0.10168 541 6 637 34
Scratch 0.167746 492 413 505 428
Scratch 0.171217 38 119 51 170
Scratch 0.227469 188 621 269 640
Scratch 0.232477 596 371 633 611
Scratch 0.256034 570 183 640 243
Scratch 0.337806 401 496 408 505
Scratch 0.477239 587 1 639 21
Scratch 0.481466 41 123 48 155
Scratch 0.500099 226 308 326 377
Scratch 0.55532 20 107 79 206
Scratch 0.565238 512 169 593 256
Scratch 0.579273 595 368 618 549
Scratch 0.59956 509 90 541 108
Scratch 0.601021 1 364 25 377
Scratch 0.664208 568 212 630 237
Scratch 0.693391 446 490 500 507
Scratch 0.749122 406 217 432 313
Scratch 0.756104 307 584 369 641
Scratch 0.79036 64 104 90 144
Scratch 0.792254 31 197 47 213
Scratch 0.820849 507 358 555 391
Scratch 0.824512 521 15 641 46
Scratch 0.836703 491 40 511 93
Scratch 0.842406 48 394 67 488
Scratch 0.849147 246 434 287 628
Scratch 0.870046 34 566 140 640
Scratch 0.877583 565 167 611 239
Scratch 0.883464 194 45 262 82
Scratch 0.892446 408 202 500 315
Scratch 0.90737 94 323 159 526
Scratch 0.908494 125 169 209 256
Scratch 0.922178 345 78 473 150
Scratch 0.927399 188 192 297 312
