Scratch 0.110811 581 1 599 65
Scratch 0.167872 560 192 566 206
Scratch 0.185995 13 614 179 639
Scratch 0.193532 1 117 41 197
Scratch 0.196865 1 1 49 173
Scratch 0.213972 608 358 624 412
Scratch 0.400613 173 268 232 398
Scratch 0.405428 68 255 125 283
Scratch 0.421825 618 530 639 583
Scratch 0.448622 1 142 23 191
Scratch 0.524018 1 43 76 231
Scratch 0.561761 576 1 594 41
Scratch 0.602131 320 1 349 21
Scratch 0.631471 594 317 603 340
Scratch 0.657681 227 620 246 641
Scratch 0.668792 123 615 130 634
Scratch 0.725126 122 555 127 587
Scratch 0.735578 302 425 371 433
Scratch 0.758426 518 56 548 142
Scratch 0.76362 450 183 464 198
Scratch 0.769659 583 45 595 79
Scratch 0.784471 62 436 127 446
Scratch 0.79801 463 620 526 641
Scratch 0.81988 494 429 503 505
Scratch 0.82774 192 560 224 640
Scratch 0.836461 285 149 356 169
Scratch 0.849962 218 252 287 322
Scratch 0.850264 251 201 347 244
Scratch 0.855897 567 217 586 281
Scratch 0.856691 315 515 403 525
Scratch 0.920447 134 61 200 104
Scratch 0.947456 460 243 522 323
Scratch 0.961241 364 280 433 329
