Scratch 0.254883 517 616 633 641
Scratch 0.502829 449 481 492 537
Scratch 0.666325 527 258 534 287
Scratch 0.710387 331 2 583 88
Scratch 0.716564 417 475 501 490
Scratch 0.743683 601 525 641 589
Scratch 0.765461 547 220 558 250
Scratch 0.769035 431 334 507 344
Scratch 0.786952 547 252 559 286
Scratch 0.842673 387 218 471 251
Scratch 0.849354 308 472 369 548
Scratch 0.88424 565 287 585 350
Scratch 0.884888 212 405 238 563
Scratch 0.907488 167 335 194 427
Scratch 0.934025 207 234 238 319
Scratch 0.957579 467 83 571 191
