Scratch 0.103433 502 49 508 75
Scratch 0.145927 247 375 323 391
Scratch 0.169443 360 298 426 332
Scratch 0.175853 334 1 399 8
Scratch 0.178939 1 144 13 154
Scratch 0.194684 260 117 270 129
Scratch 0.305452 466 485 640 641
Scratch 0.345482 1 1 85 20
Scratch 0.361377 328 562 386 631
Scratch 0.376789 458 158 544 192
Scratch 0.401923 626 124 635 130
Scratch 0.496557 616 271 641 307
Scratch 0.598908 534 223 559 234
Scratch 0.600878 471 173 546 204
Scratch 0.668853 354 317 488 329
Scratch 0.727005 558 460 640 481
Scratch 0.764497 453 154 541 176
Scratch 0.766096 525 1 609 25
Scratch 0.797221 431 596 511 609
Scratch 0.797803 486 164 640 217
Scratch 0.805781 321 577 364 629
Scratch 0.808509 493 505 532 544
Scratch 0.811666 565 367 641 395
Scratch 0.816481 510 131 551 142
Scratch 0.833058 335 298 419 359
Scratch 0.83434 126 210 143 311
Scratch 0.848689 360 550 394 628
Scratch 0.853494 247 415 339 430
Scratch 0.854384 63 73 79 111
Scratch 0.90235 105 323 228 386
Scratch 0.903489 232 191 350 206
Scratch 0.918275 394 455 527 511
Scratch 0.922894 183 56 287 84
Scratch 0.930567 388 411 462 465
Scratch 0.932906 450 225 487 308
Scratch 0.940808 387 167 463 297
Scratch 0.947156 198 502 332 575
