Scratch 0.129803 213 474 284 528
Scratch 0.14967 218 206 231 223
Scratch 0.166844 478 544 531 641
Scratch 0.175125 192 554 225 640
Scratch 0.1854 435 256 443 302
Scratch 0.20772 297 573 335 637
Scratch 0.350301 213 211 229 235
Scratch 0.36214 196 228 206 242
Scratch 0.398342 326 301 347 337
Scratch 0.516939 335 597 427 640
Scratch 0.593077 165 457 172 468
Scratch 0.648066 336 253 344 265
Scratch 0.666223 218 577 235 640
Scratch 0.744699 406 388 416 401
Scratch 0.765295 184 552 201 641
Scratch 0.795305 437 259 443 279
Scratch 0.830862 423 452 439 550
Scratch 0.834708 285 360 301 389
Scratch 0.85835 597 574 641 635
Scratch 0.871188 577 374 641 415
Scratch 0.880076 364 193 386 220
Scratch 0.883955 327 282 359 339
Scratch 0.904078 240 418 266 451
Scratch 0.914248 467 459 527 641
Scratch 0.917757 513 107 640 137
Scratch 0.932599 225 461 271 513
Scratch 0.941014 503 333 559 512
Scratch 0.949008 187 480 290 552
Scratch 0.95654 303 357 351 513
