0 0.2461890243902439 0.7132711038961039 0.09725609756097561 0.20008116883116883
0 0.23658536585365852 0.3169642857142857 0.06097560975609756 0.07548701298701299
0 0.5658536585365853 0.11079545454545454 0.05731707317073171 0.17045454545454544
0 0.07195121951219512 0.2987012987012987 0.045121951219512194 0.10551948051948051
0 0.1559451219512195 0.6335227272727273 0.18201219512195121 0.060876623376623376
0 0.7121951219512195 0.598823051948052 0.3170731707317073 0.060470779220779224
0 0.4216463414634146 0.6607142857142857 0.11646341463414635 0.037337662337662336
0 0.6532012195121951 0.17167207792207792 0.04237804878048781 0.3425324675324675
0 0.6291158536585366 0.8666801948051948 0.16371951219512196 0.040990259740259744
0 0.4268292682926829 0.5290178571428571 0.041463414634146344 0.10430194805194805
0 0.13628048780487806 0.5117694805194806 0.2073170731707317 0.056818181818181816
0 0.5054878048780488 0.0633116883116883 0.03353658536585366 0.10064935064935066
0 0.5879573170731708 0.5405844155844156 0.26615853658536587 0.056818181818181816
0 0.424390243902439 0.9827516233766234 0.048170731707317074 0.029626623376623376
0 0.36310975609756097 0.1544237012987013 0.03231707317073171 0.15056818181818182
0 0.14573170731707316 0.7879464285714286 0.28841463414634144 0.0799512987012987
0 0.3179878048780488 0.7433035714285714 0.07682926829268293 0.15706168831168832
0 0.44115853658536586 0.7599431818181818 0.26646341463414636 0.09699675324675325
0 0.6060975609756097 0.9717938311688312 0.08048780487804878 0.056412337662337664
0 0.7326219512195122 0.9575892857142857 0.06951219512195123 0.057224025974025976
0 0.7155487804878049 0.830762987012987 0.08841463414634146 0.07386363636363637
0 0.48841463414634145 0.38575487012987014 0.21707317073170732 0.07913961038961038
