0 0.3916158536585366 0.6128246753246753 0.13871951219512196 0.2694805194805195
0 0.7451219512195122 0.4005681818181818 0.1073170731707317 0.1176948051948052
0 0.23246951219512196 0.971387987012987 0.0625 0.05560064935064935
0 0.33963414634146344 0.19237012987012986 0.1469512195121951 0.09172077922077922
0 0.25609756097560976 0.31392045454545453 0.16585365853658537 0.1351461038961039
0 0.338719512195122 0.49756493506493504 0.1024390243902439 0.10470779220779221
0 0.30045731707317075 0.42288961038961037 0.07103658536585365 0.0689935064935065
0 0.380640243902439 0.8534902597402597 0.049695121951219515 0.10308441558441558
0 0.47027439024390244 0.7098214285714286 0.034451219512195125 0.10064935064935066
0 0.6859756097560976 0.690137987012987 0.03780487804878049 0.07832792207792208
0 0.8091463414634147 0.903814935064935 0.06890243902439025 0.18425324675324675
0 0.12652439024390244 0.07771915584415584 0.04878048780487805 0.11323051948051949
0 0.5079268292682927 0.5643262987012987 0.048170731707317074 0.07183441558441558
0 0.11722560975609755 0.1773538961038961 0.09481707317073171 0.08928571428571429
0 0.06356707317073171 0.7463474025974026 0.04298780487804878 0.06574675324675325
0 0.39192073170731706 0.36749188311688313 0.12591463414634146 0.13027597402597402
0 0.4634146341463415 0.17512175324675325 0.06707317073170732 0.23417207792207792
0 0.21295731707317073 0.20454545454545456 0.08689024390243902 0.11444805194805195
