0 0.6838414634146341 0.10714285714285714 0.1469512195121951 0.2069805194805195
0 0.3225609756097561 0.7859172077922078 0.11158536585365854 0.1286525974025974
0 0.5890243902439024 0.7855113636363636 0.09085365853658536 0.07589285714285714
0 0.17926829268292682 0.20535714285714285 0.16951219512195123 0.05438311688311688
0 0.41021341463414634 0.7441152597402597 0.05213414634146341 0.033685064935064936
0 0.022560975609756097 0.893060064935065 0.042682926829268296 0.10349025974025974
0 0.6914634146341463 0.833400974025974 0.03414634146341464 0.16355519480519481
0 0.2996951219512195 0.5265827922077922 0.046341463414634146 0.11566558441558442
0 0.917530487804878 0.5176542207792207 0.04054878048780488 0.26988636363636365
0 0.49862804878048783 0.8469967532467533 0.06798780487804879 0.05113636363636364
0 0.4051829268292683 0.547077922077922 0.03048780487804878 0.1810064935064935
0 0.056707317073170734 0.3843344155844156 0.07378048780487804 0.07873376623376624
0 0.9190548780487805 0.3226461038961039 0.03871951219512195 0.2905844155844156
0 0.07515243902439024 0.12824675324675325 0.13993902439024392 0.14853896103896103
0 0.20518292682926828 0.275974025974026 0.1274390243902439 0.12581168831168832
0 0.14954268292682926 0.5022321428571429 0.10213414634146341 0.12702922077922077
0 0.2399390243902439 0.640827922077922 0.06402439024390244 0.11038961038961038
0 0.2942073170731707 0.674512987012987 0.013414634146341463 0.24025974025974026
0 0.38917682926829267 0.4159902597402597 0.03932926829268293 0.07061688311688312
