0 0.40792682926829266 0.901176948051948 0.12073170731707317 0.17491883116883117
0 0.23978658536585365 0.4855925324675325 0.0649390243902439 0.16355519480519481
0 0.15838414634146342 0.7323457792207793 0.08384146341463415 0.11972402597402597
0 0.29603658536585364 0.16193181818181818 0.07317073170731707 0.15097402597402598
0 0.698780487804878 0.45982142857142855 0.05426829268292683 0.16883116883116883
0 0.525609756097561 0.05377435064935065 0.1329268292682927 0.06371753246753246
0 0.2611280487804878 0.8727678571428571 0.030792682926829268 0.06858766233766234
0 0.14435975609756097 0.9630681818181818 0.030792682926829268 0.07386363636363637
0 0.14085365853658535 0.045657467532467536 0.036585365853658534 0.08238636363636363
0 0.6655487804878049 0.1422483766233766 0.10182926829268292 0.2601461038961039
0 0.8618902439024391 0.2059659090909091 0.11036585365853659 0.14001623376623376
0 0.9528963414634146 0.7351866883116883 0.08932926829268292 0.1773538961038961
0 0.5435975609756097 0.44561688311688313 0.04939024390243903 0.21103896103896103
0 0.5128048780487805 0.6053165584415584 0.08963414634146341 0.41517857142857145
0 0.8402439024390244 0.7337662337662337 0.057926829268292686 0.2962662337662338
0 0.5867378048780488 0.3242694805194805 0.08384146341463415 0.18019480519480519
0 0.8265243902439025 0.888189935064935 0.03719512195121951 0.08969155844155845
0 0.4190548780487805 0.3131087662337662 0.1301829268292683 0.07102272727272728
0 0.08780487804878048 0.8770292207792207 0.07439024390243902 0.23944805194805194
0 0.29740853658536587 0.25669642857142855 0.10701219512195122 0.05397727272727273
0 0.015701219512195122 0.29464285714285715 0.030792682926829268 0.044642857142857144
