0 0.6948170731707317 0.3431412337662338 0.12804878048780488 0.16355519480519481
0 0.5483231707317073 0.8867694805194806 0.12408536585365854 0.05925324675324675
0 0.1472560975609756 0.799512987012987 0.09878048780487805 0.1241883116883117
0 0.32484756097560974 0.08969155844155845 0.22042682926829268 0.17857142857142858
0 0.5490853658536585 0.6481331168831169 0.0524390243902439 0.20535714285714285
0 0.5004573170731708 0.4786931818181818 0.05579268292682927 0.11160714285714286
0 0.0850609756097561 0.16294642857142858 0.1323170731707317 0.04342532467532467
0 0.16509146341463415 0.3715503246753247 0.17103658536585367 0.052353896103896104
0 0.09542682926829268 0.526176948051948 0.07195121951219512 0.04261363636363636
0 0.2916158536585366 0.7696834415584416 0.06432926829268293 0.22362012987012986
0 0.08125 0.25223214285714285 0.14359756097560974 0.03936688311688312
0 0.9658536585365853 0.5491071428571429 0.061585365853658536 0.03896103896103896
0 0.5878048780487805 0.528814935064935 0.10426829268292682 0.10714285714285714
0 0.7173780487804878 0.1515827922077922 0.05121951219512195 0.03855519480519481
0 0.20548780487804877 0.22869318181818182 0.10975609756097561 0.04180194805194805
0 0.9513719512195122 0.9697646103896104 0.03871951219512195 0.060470779220779224
0 0.38384146341463415 0.5669642857142857 0.17317073170731706 0.1112012987012987
0 0.9768292682926829 0.7339691558441559 0.046341463414634146 0.04667207792207792
0 0.317530487804878 0.37520292207792205 0.07652439024390244 0.08238636363636363
0 0.8109756097560976 0.8784496753246753 0.12195121951219512 0.052353896103896104
0 0.2583841463414634 0.5710227272727273 0.036280487804878046 0.05762987012987013
0 0.811890243902439 0.03449675324675325 0.045121951219512194 0.0625
0 0.8809451219512195 0.46063311688311687 0.23323170731707318 0.07792207792207792
0 0.35503048780487806 0.8522727272727273 0.0350609756097561 0.10470779220779221
0 0.36829268292682926 0.42349837662337664 0.1475609756097561 0.09537337662337662
0 0.6394817073170732 0.4429788961038961 0.23567073170731706 0.060470779220779224
0 0.08582317073170732 0.6018668831168831 0.05518292682926829 0.030844155844155844
0 0.9730182926829268 0.08908279220779221 0.05030487804878049 0.03855519480519481
0 0.3333841463414634 0.31737012987012986 0.5704268292682927 0.0698051948051948
0 0.4024390243902439 0.14793019480519481 0.12012195121951219 0.24066558441558442
0 0.4850609756097561 0.2047483766233766 0.11646341463414635 0.1708603896103896
0 0.4716463414634146 0.8390827922077922 0.1475609756097561 0.10917207792207792
0 0.7609756097560976 0.8557224025974026 0.041463414634146344 0.23092532467532467
