0 0.05685975609756098 0.763189935064935 0.10213414634146341 0.14732142857142858
0 0.8859756097560976 0.7424918831168831 0.22560975609756098 0.08806818181818182
0 0.09359756097560976 0.36749188311688313 0.18658536585365854 0.16761363636363635
0 0.10960365853658537 0.6099837662337663 0.07652439024390244 0.07386363636363637
0 0.651829268292683 0.32711038961038963 0.041463414634146344 0.1810064935064935
0 0.7560975609756098 0.35836038961038963 0.056707317073170734 0.3092532467532468
0 0.8817073170731707 0.3547077922077922 0.10609756097560975 0.06655844155844155
0 0.7974085365853658 0.8859577922077922 0.08567073170731708 0.08116883116883117
0 0.9449695121951219 0.981737012987013 0.1076219512195122 0.03571428571428571
0 0.3490853658536585 0.5213068181818182 0.02621951219512195 0.22849025974025974
0 0.5862804878048781 0.3053977272727273 0.027439024390243903 0.12297077922077922
0 0.33948170731707317 0.8403003246753247 0.19603658536585367 0.036931818181818184
0 0.4580792682926829 0.13210227272727273 0.060060975609756095 0.032873376623376624
0 0.47301829268292683 0.9301948051948052 0.3204268292682927 0.08685064935064934
0 0.2149390243902439 0.4017857142857143 0.031097560975609756 0.09415584415584416
0 0.4036585365853659 0.6418425324675324 0.05 0.03206168831168831
0 0.22347560975609757 0.6779626623376623 0.04695121951219512 0.061282467532467536
0 0.499390243902439 0.7142857142857143 0.042682926829268296 0.030844155844155844
0 0.19466463414634147 0.21732954545454544 0.04359756097560975 0.07345779220779221
0 0.3045731707317073 0.4186282467532468 0.08841463414634146 0.03936688311688312
0 0.46234756097560975 0.283887987012987 0.03201219512195122 0.11972402597402597
0 0.1878048780487805 0.28104707792207795 0.03597560975609756 0.04991883116883117
0 0.46783536585365854 0.36160714285714285 0.027134146341463414 0.24918831168831168
0 0.5676829268292682 0.23965097402597402 0.05426829268292683 0.026379870129870128
0 0.5900914634146341 0.8660714285714286 0.028353658536585367 0.25892857142857145
0 0.8117378048780488 0.726663961038961 0.20884146341463414 0.061282467532467536
0 0.3335365853658537 0.3189935064935065 0.18292682926829268 0.05194805194805195
0 0.33490853658536585 0.2353896103896104 0.17591463414634145 0.06574675324675325
0 0.9222560975609756 0.9468344155844156 0.08597560975609755 0.04788961038961039
