0 0.78125 0.23579545454545456 0.1003048780487805 0.04220779220779221
0 0.18795731707317073 0.7073863636363636 0.12835365853658537 0.06655844155844155
0 0.5791158536585366 0.49188311688311687 0.030792682926829268 0.19074675324675325
0 0.42134146341463413 0.8821022727272727 0.031097560975609756 0.1627435064935065
0 0.13567073170731708 0.23478084415584416 0.07621951219512195 0.08563311688311688
0 0.34573170731707314 0.7723214285714286 0.11951219512195121 0.040584415584415584
0 0.5817073170731707 0.6897321428571429 0.09268292682926829 0.10836038961038962
0 0.9009146341463414 0.794439935064935 0.19817073170731708 0.08887987012987013
0 0.2032012195121951 0.8601866883116883 0.1923780487804878 0.08319805194805195
0 0.13978658536585367 0.877637987012987 0.051524390243902436 0.049107142857142856
0 0.34512195121951217 0.8887987012987013 0.027439024390243903 0.09821428571428571
0 0.4125 0.3269074675324675 0.14268292682926828 0.061282467532467536
0 0.3515243902439024 0.6065340909090909 0.06097560975609756 0.07426948051948051
0 0.40777439024390244 0.6554383116883117 0.06615853658536586 0.060064935064935064
0 0.8557926829268293 0.7455357142857143 0.0774390243902439 0.040584415584415584
0 0.8435975609756098 0.895900974025974 0.10670731707317073 0.06209415584415585
0 0.06097560975609756 0.8242694805194806 0.11280487804878049 0.03896103896103896
0 0.7158536585365853 0.7560876623376623 0.10365853658536585 0.08035714285714286
0 0.6885670731707317 0.731737012987013 0.051524390243902436 0.060064935064935064
0 0.22134146341463415 0.6454951298701299 0.05731707317073171 0.03449675324675325
0 0.5958841463414634 0.893060064935065 0.04725609756097561 0.05560064935064935
0 0.08551829268292684 0.23376623376623376 0.15091463414634146 0.06737012987012987
0 0.27195121951219514 0.5127840909090909 0.09085365853658536 0.10430194805194805
0 0.49588414634146344 0.8654626623376623 0.028963414634146343 0.20008116883116883
0 0.015701219512195122 0.5667613636363636 0.030792682926829268 0.05397727272727273
