0 0.9004573170731708 0.38920454545454547 0.15701219512195122 0.1266233766233766
0 0.7879573170731707 0.35693993506493504 0.0923780487804878 0.12297077922077922
0 0.42042682926829267 0.3309659090909091 0.24695121951219512 0.057224025974025976
0 0.21539634146341463 0.4902597402597403 0.11676829268292684 0.14366883116883117
0 0.6323170731707317 0.1341314935064935 0.1329268292682927 0.2106331168831169
0 0.6736280487804878 0.9054383116883117 0.04176829268292683 0.028409090909090908
0 0.719359756097561 0.26400162337662336 0.051524390243902436 0.0864448051948052
0 0.11051829268292683 0.3469967532467532 0.22042682926829268 0.05844155844155844
0 0.5664634146341463 0.687702922077922 0.031097560975609756 0.09780844155844155
0 0.7952743902439025 0.8378652597402597 0.0899390243902439 0.11728896103896104
