0 0.03384146341463415 0.684862012987013 0.06707317073170732 0.0864448051948052
0 0.20228658536585367 0.4851866883116883 0.16920731707317074 0.07832792207792208
0 0.3830792682926829 0.8064123376623377 0.10640243902439024 0.08279220779220779
0 0.14984756097560975 0.19237012987012986 0.2923780487804878 0.11201298701298701
0 0.7751524390243902 0.5503246753246753 0.4344512195121951 0.05762987012987013
0 0.48521341463414636 0.4675324675324675 0.05396341463414634 0.049512987012987016
0 0.35884146341463413 0.6414366883116883 0.09268292682926829 0.036931818181818184
0 0.7903963414634146 0.28348214285714285 0.15579268292682927 0.040990259740259744
0 0.37682926829268293 0.8831168831168831 0.07560975609756097 0.08198051948051949
0 0.7094512195121951 0.8944805194805194 0.09634146341463415 0.040584415584415584
0 0.5053353658536586 0.6438717532467533 0.04176829268292683 0.032873376623376624
0 0.6599085365853659 0.6603084415584416 0.04054878048780488 0.03896103896103896
0 0.3129573170731707 0.711038961038961 0.04237804878048781 0.05438311688311688
0 0.37865853658536586 0.7088068181818182 0.045121951219512194 0.033685064935064936
0 0.9533536585365854 0.8605925324675324 0.09329268292682927 0.07589285714285714
0 0.8650914634146342 0.8614042207792207 0.13140243902439025 0.03449675324675325
0 0.13490853658536586 0.7711038961038961 0.09847560975609757 0.04383116883116883
0 0.2678353658536585 0.4099025974025974 0.08932926829268292 0.03165584415584415
0 0.8541158536585366 0.770900974025974 0.03871951219512195 0.05965909090909091
0 0.35121951219512193 0.11728896103896104 0.041463414634146344 0.045454545454545456
0 0.2304878048780488 0.6099837662337663 0.15 0.05519480519480519
0 0.08780487804878048 0.5616883116883117 0.12926829268292683 0.056006493506493504
0 0.03597560975609756 0.42674512987012986 0.07134146341463414 0.0799512987012987
0 0.0576219512195122 0.9253246753246753 0.0798780487804878 0.052759740259740256
