0 0.8996951219512195 0.35693993506493504 0.200609756097561 0.17167207792207792
0 0.848780487804878 0.7256493506493507 0.1603658536585366 0.3425324675324675
0 0.44847560975609757 0.153612012987013 0.17804878048780487 0.15868506493506493
0 0.36570121951219514 0.6542207792207793 0.05579268292682927 0.14285714285714285
0 0.08765243902439024 0.890422077922078 0.08323170731707318 0.0836038961038961
0 0.29024390243902437 0.35836038961038963 0.05060975609756098 0.1461038961038961
0 0.29253048780487806 0.7546672077922078 0.08932926829268292 0.15706168831168832
0 0.03826219512195122 0.679788961038961 0.07530487804878049 0.08441558441558442
0 0.5629573170731708 0.9265422077922078 0.03201219512195122 0.14691558441558442
0 0.10685975609756097 0.6022727272727273 0.0350609756097561 0.07954545454545454
0 0.2814024390243902 0.9596185064935064 0.03902439024390244 0.07508116883116883
0 0.04542682926829268 0.28530844155844154 0.05060975609756098 0.24512987012987014
0 0.28978658536585367 0.5667613636363636 0.027134146341463414 0.12378246753246754
0 0.6641768292682927 0.11160714285714286 0.04603658536585366 0.2224025974025974
0 0.4888719512195122 0.6891233766233766 0.03567073170731707 0.06655844155844155
0 0.6301829268292682 0.676948051948052 0.061585365853658536 0.15178571428571427
0 0.542530487804878 0.6688311688311688 0.041158536585365856 0.16071428571428573
0 0.6141768292682926 0.500202922077922 0.034451219512195125 0.09780844155844155
0 0.7696646341463415 0.12702922077922077 0.15640243902439024 0.044642857142857144
0 0.668140243902439 0.9265422077922078 0.04847560975609756 0.14691558441558442
0 0.697560975609756 0.8733766233766234 0.06829268292682927 0.14042207792207792
0 0.6373475609756097 0.7516233766233766 0.03384146341463415 0.32142857142857145
0 0.8847560975609756 0.960836038961039 0.04207317073170732 0.07832792207792208
0 0.33932926829268295 0.12094155844155845 0.5371951219512195 0.036525974025974024
