0 0.668140243902439 0.14387175324675325 0.0722560975609756 0.18790584415584416
0 0.4222560975609756 0.526176948051948 0.043292682926829265 0.32913961038961037
0 0.34009146341463414 0.45150162337662336 0.05518292682926829 0.1578733766233766
0 0.15960365853658537 0.8739853896103896 0.0350609756097561 0.1286525974025974
0 0.4789634146341463 0.940137987012987 0.2890243902439024 0.06858766233766234
0 0.21341463414634146 0.184862012987013 0.10914634146341463 0.03936688311688312
0 0.7155487804878049 0.427150974025974 0.046341463414634146 0.05397727272727273
0 0.16981707317073172 0.320413961038961 0.04207317073170732 0.10836038961038962
0 0.27987804878048783 0.4070616883116883 0.04085365853658537 0.09496753246753246
0 0.8734756097560976 0.4965503246753247 0.07195121951219512 0.05478896103896104
0 0.91875 0.5880681818181818 0.1625 0.1461038961038961
0 0.5009146341463414 0.7374188311688312 0.03353658536585366 0.09659090909090909
0 0.511890243902439 0.4255275974025974 0.03414634146341464 0.11323051948051949
0 0.018597560975609755 0.6266233766233766 0.03597560975609756 0.056818181818181816
0 0.5440548780487805 0.5898944805194806 0.08871951219512195 0.11891233766233766
0 0.4371951219512195 0.6684253246753247 0.04207317073170732 0.03165584415584415
0 0.05853658536585366 0.296875 0.11585365853658537 0.0726461038961039
0 0.21676829268292683 0.33116883116883117 0.16158536585365854 0.06737012987012987
0 0.09435975609756098 0.22808441558441558 0.15884146341463415 0.09821428571428571
0 0.650609756097561 0.8863636363636364 0.08841463414634146 0.08766233766233766
0 0.5846036585365854 0.6854707792207793 0.04054878048780488 0.03977272727272727
0 0.8460365853658537 0.7676542207792207 0.21036585365853658 0.12702922077922077
0 0.7640243902439025 0.854099025974026 0.08353658536585366 0.17248376623376624
0 0.10579268292682927 0.4090909090909091 0.07256097560975609 0.11363636363636363
