0 0.9064024390243902 0.559862012987013 0.17256097560975608 0.1700487012987013
0 0.225 0.5146103896103896 0.12560975609756098 0.12175324675324675
0 0.369969512195122 0.07832792207792208 0.08810975609756097 0.15016233766233766
0 0.06585365853658537 0.791599025974026 0.12073170731707317 0.1708603896103896
0 0.6169207317073171 0.5758928571428571 0.21798780487804878 0.09334415584415584
0 0.7198170731707317 0.7589285714285714 0.0774390243902439 0.2297077922077922
0 0.3016768292682927 0.9476461038961039 0.030182926829268292 0.1038961038961039
0 0.4288109756097561 0.5190746753246753 0.2198170731707317 0.10064935064935066
0 0.9100609756097561 0.7428977272727273 0.048170731707317074 0.1286525974025974
0 0.33384146341463417 0.37601461038961037 0.21707317073170732 0.036931818181818184
0 0.07682926829268293 0.9527191558441559 0.08536585365853659 0.08969155844155845
0 0.4760670731707317 0.7828733766233766 0.2496951219512195 0.03977272727272727
0 0.5361280487804878 0.1680194805194805 0.028353658536585367 0.24269480519480519
0 0.49375 0.7035308441558441 0.032621951219512196 0.028814935064935064
0 0.0576219512195122 0.39955357142857145 0.10853658536585366 0.057224025974025976
0 0.3724085365853659 0.830560064935065 0.024085365853658537 0.09050324675324675
0 0.023323170731707317 0.9699675324675324 0.04237804878048781 0.017857142857142856
0 0.4246951219512195 0.9186282467532467 0.036585365853658534 0.03530844155844156
0 0.7367378048780487 0.736810064935065 0.05701219512195122 0.028003246753246752
