0 0.5323170731707317 0.7508116883116883 0.22195121951219512 0.08522727272727272
0 0.9432926829268292 0.656452922077922 0.11158536585365854 0.08806818181818182
0 0.11158536585365854 0.8356331168831169 0.08841463414634146 0.14691558441558442
0 0.317530487804878 0.40726461038961037 0.08810975609756097 0.11891233766233766
0 0.45121951219512196 0.3145292207792208 0.17804878048780487 0.06818181818181818
0 0.3231707317073171 0.893060064935065 0.04024390243902439 0.10998376623376624
0 0.05853658536585366 0.025974025974025976 0.09634146341463415 0.05113636363636364
0 0.5464939024390244 0.06493506493506493 0.053353658536585365 0.11525974025974026
0 0.0576219512195122 0.6986607142857143 0.09573170731707317 0.0864448051948052
0 0.6905487804878049 0.5827922077922078 0.2225609756097561 0.04301948051948052
0 0.12759146341463415 0.42857142857142855 0.04237804878048781 0.0349025974025974
0 0.4579268292682927 0.8721590909090909 0.036585365853658534 0.0349025974025974
0 0.0361280487804878 0.820211038961039 0.03932926829268293 0.03977272727272727
0 0.6839939024390244 0.13453733766233766 0.04359756097560975 0.22199675324675325
0 0.8768292682926829 0.8374594155844156 0.24634146341463414 0.08563311688311688
0 0.12225609756097561 0.6219561688311688 0.16646341463414635 0.10349025974025974
0 0.7964939024390244 0.770900974025974 0.05396341463414634 0.04261363636363636
0 0.6533536585365853 0.2844967532467532 0.04573170731707317 0.07224025974025974
0 0.5582317073170732 0.6765422077922078 0.026829268292682926 0.033279220779220776
0 0.11692073170731708 0.12946428571428573 0.07591463414634146 0.07711038961038962
0 0.7224085365853659 0.07650162337662338 0.022865853658536585 0.15219155844155843
0 0.7757621951219512 0.4257305194805195 0.12408536585365854 0.21103896103896103
0 0.8772865853658537 0.5710227272727273 0.0850609756097561 0.09577922077922078
0 0.3711890243902439 0.4825487012987013 0.028353658536585367 0.056006493506493504
0 0.769359756097561 0.7932224025974026 0.05701219512195122 0.2739448051948052
