0 0.6039634146341464 0.330762987012987 0.11402439024390244 0.12743506493506493
0 0.8346036585365854 0.911525974025974 0.08079268292682927 0.12743506493506493
0 0.06310975609756098 0.8498376623376623 0.11341463414634147 0.08522727272727272
0 0.2810975609756098 0.43080357142857145 0.09817073170731708 0.06371753246753246
0 0.5155487804878048 0.8885957792207793 0.05365853658536585 0.16517857142857142
0 0.3780487804878049 0.1893262987012987 0.043292682926829265 0.06777597402597403
0 0.19740853658536586 0.7694805194805194 0.13871951219512196 0.08441558441558442
0 0.4698170731707317 0.5472808441558441 0.09207317073170732 0.06858766233766234
0 0.022408536585365853 0.4650974025974026 0.04359756097560975 0.06655844155844155
0 0.4225609756097561 0.474025974025974 0.13475609756097562 0.049512987012987016
0 0.6608231707317073 0.5813717532467533 0.10518292682926829 0.0726461038961039
0 0.8990853658536585 0.2573051948051948 0.19329268292682927 0.05925324675324675
0 0.7934451219512195 0.10064935064935066 0.13140243902439025 0.07061688311688312
0 0.31097560975609756 0.7650162337662337 0.048170731707317074 0.03571428571428571
0 0.9594512195121951 0.5213068181818182 0.07439024390243902 0.11647727272727272
0 0.3120426829268293 0.8557224025974026 0.09298780487804878 0.0864448051948052
0 0.7620426829268293 0.7100243506493507 0.13140243902439025 0.0945616883116883
0 0.88125 0.8005275974025974 0.0899390243902439 0.0799512987012987
0 0.9705792682926829 0.880073051948052 0.05884146341463414 0.052353896103896104
0 0.8608231707317073 0.41436688311688313 0.04298780487804878 0.07792207792207792
0 0.7170731707317073 0.20373376623376624 0.16829268292682928 0.07305194805194805
