0 0.8334870000000001 0.153003 0.19760999999999995 0.147727
0 0.75 0.301948 0.13847999999999994 0.08279199999999998
0 0.5784309999999999 0.147321 0.07598000000000005 0.13636399999999999
0 0.549173 0.062297000000000005 0.16513500000000003 0.028815000000000007
0 0.43489599999999995 0.343547 0.07935000000000003 0.12540600000000002
0 0.2567399999999999 0.192167 0.04718100000000003 0.10511399999999999
0 0.11856599999999995 0.156453 0.030637000000000025 0.170049
0 0.19561899999999993 0.459619 0.08854200000000001 0.032872999999999986
0 0.550705 0.5448459999999999 0.0572919999999999 0.027191999999999994
0 0.612745 0.709213 0.14338200000000012 0.033684999999999965
0 0.4571079999999999 0.6747159999999999 0.04718100000000003 0.08563299999999996
0 0.240809 0.817167 0.13296600000000003 0.06777599999999995
0 0.46798399999999996 0.864854 0.08792899999999992 0.0625
0 0.26853599999999994 0.921875 0.094669 0.087256
0 0.799173 0.523539 0.043811000000000044 0.07386399999999993
0 0.8979779999999999 0.795049 0.007966000000000029 0.39772699999999994
0 0.323376 0.693182 0.08118899999999996 0.015422000000000047
0 0.393382 0.10592500000000002 0.037376999999999994 0.025162000000000004
0 0.735754 0.949269 0.06280600000000003 0.08603899999999998
0 0.852175 0.011769 0.022364999999999968 0.022727
0 0.258425 0.004666999999999999 0.008885000000000032 0.008523
0 0.2882970000000001 0.05763000000000001 0.018994999999999984 0.018669000000000005
0 0.19332100000000002 0.032265 0.021445999999999965 0.007710999999999996
0 0.4563420000000001 0.679992 0.03890899999999997 0.13595800000000002
0 0.32306999999999997 0.707995 0.07689999999999997 0.014205000000000023
0 0.949755 0.631291 0.099877 0.097808
0 0.844975 0.27861199999999997 0.033088000000000006 0.02881499999999998
0 0.554075 0.216721 0.06525700000000012 0.043019
0 0.48851100000000003 0.256696 0.022364999999999968 0.0068989999999999885
0 0.595129 0.104911 0.008271999999999946 0.007710999999999996
0 0.38510999999999995 0.528206 0.027573999999999987 0.01826300000000003
