0 0.675705 0.019278000000000017 0.07935000000000003 0.010958000000000023
0 0.674939 0.03307599999999994 0.08272100000000004 0.01176900000000003
0 0.839308 0.06047100000000005 0.017463000000000006 0.014610000000000012
0 0.800705 0.27211899999999994 0.08792900000000003 0.038555000000000006
0 0.871936 0.5787340000000001 0.02328399999999997 0.17126600000000008
0 0.879442 0.5775159999999999 0.021751999999999994 0.168831
0 0.731924 0.5415989999999999 0.04473000000000005 0.09861999999999999
0 0.5569849999999998 0.3890019999999999 0.07536799999999999 0.12540600000000002
0 0.441483 0.17897700000000005 0.056373000000000006 0.02110400000000001
0 0.5340070000000001 0.04829499999999992 0.04473000000000005 0.09090900000000002
0 0.5415130000000001 0.05783300000000002 0.029718000000000022 0.11566600000000005
0 0.373162 0.014610249999999991 0.12990199999999996 0.029220499999999983
0 0.192096 0.197646 0.03492600000000001 0.056006
0 0.242188 0.426339 0.13817399999999996 0.07913999999999999
0 0.145374 0.448255 0.03400700000000001 0.02637999999999996
0 0.416513 0.587459 0.07138500000000003 0.12702899999999995
0 0.44178900000000004 0.6659900000000001 0.16789200000000004 0.025162000000000018
0 0.6003369999999999 0.622565 0.04135999999999995 0.028409000000000018
0 0.718444 0.742695 0.037376999999999994 0.03409099999999987
0 0.70144 0.6769480000000001 0.01807599999999998 0.018668999999999936
0 0.8169419999999998 0.770089 0.06219399999999997 0.058035999999999976
0 0.847886 0.7915989999999999 0.053001999999999994 0.02637999999999996
0 0.878217 0.908685 0.025429000000000035 0.18181799999999992
0 0.98820475 0.973214 0.02359049999999996 0.012175000000000047
0 0.71921 0.992086 0.019301000000000013 0.01501600000000003
0 0.625766 0.850649 0.010723000000000038 0.059253
0 0.56924 0.810065 0.030637000000000025 0.021916000000000047
0 0.549939 0.865666 0.006739999999999968 0.13717499999999994
0 0.567249 0.837054 0.02481599999999995 0.12865300000000002
0 0.53125 0.865057 0.030637000000000025 0.131899
0 0.55239 0.947646 0.08946100000000001 0.10389599999999999
0 0.42401999999999995 0.894075 0.136029 0.03652599999999995
0 0.4447 0.805804 0.2153799999999999 0.05478899999999998
0 0.105239 0.8108770000000001 0.06464500000000001 0.10633100000000006
0 0.16406200000000004 0.963068 0.019914000000000015 0.073052
0 0.31602300000000005 0.904424 0.07873800000000003 0.18871799999999994
0 0.287377 0.782265 0.321078 0.14813300000000007
0 0.608609 0.20150200000000001 0.029718000000000022 0.01988599999999996
0 0.461244 0.38961 0.10263500000000003 0.053571000000000035
0 0.8095889999999999 0.08522700000000005 0.10018399999999994 0.12743499999999996
