0 0.489263 0.449038 0.07532099999999997 0.20528800000000003
0 0.822115 0.45841299999999996 0.04230800000000001 0.18028799999999995
0 0.683013 0.422356 0.01474400000000009 0.07548100000000002
0 0.602724 0.439183 0.029167000000000054 0.115865
0 0.89391 0.152043 0.04166700000000001 0.04350999999999999
0 0.762981 0.146514 0.061217999999999995 0.06322100000000001
0 0.34679499999999996 0.132212 0.020513000000000003 0.134135
0 0.9673080000000001 0.5698319999999999 0.030768999999999935 0.17043299999999995
0 0.810577 0.905168 0.05384600000000006 0.14351000000000003
0 0.677404 0.689543 0.12019200000000008 0.160817
0 0.800962 0.95601 0.07307699999999995 0.048077000000000036
0 0.660417 0.822236 0.024679000000000006 0.21947099999999997
0 0.28894200000000003 0.903125 0.26378199999999996 0.05576899999999996
0 0.3201920000000001 0.711899 0.21858999999999995 0.05120199999999997
0 0.759455 0.395553 0.228526 0.034856
0 0.822756 0.30096200000000006 0.10769200000000001 0.016346000000000027
