0 0.508732 0.604708 0.22334599999999993 0.03409099999999998
0 0.327665 0.5162339999999999 0.14552699999999996 0.13717499999999994
0 0.09819199999999995 0.8498377500000001 0.038297000000000025 0.3003245
0 0.2118569999999999 0.9807220000000001 0.056679000000000035 0.038555000000000006
0 0.623468 0.741274 0.160539 0.09212699999999996
0 0.502298 0.287744 0.04810000000000003 0.07224000000000003
0 0.37867600000000007 0.309659 0.08578399999999997 0.114448
0 0.1830580000000001 0.338677 0.22089499999999995 0.05478899999999998
0 0.0891539999999999 0.530844 0.10968100000000003 0.13474000000000003
0 0.7204349999999999 0.932427 0.12224299999999999 0.135146
0 0.77405 0.274756 0.04564999999999997 0.032468
0 0.786305 0.3587659999999999 0.17064999999999997 0.08116899999999999
0 0.342831 0.7104299999999999 0.00919099999999995 0.08887999999999996
