0 0.64568 0.177354 0.21721800000000002 0.15259699999999998
0 0.355699 0.097808 0.10477899999999996 0.07548699999999998
0 0.07965699999999992 0.23701299999999997 0.10600500000000002 0.20373399999999997
0 0.3789829999999999 0.39306 0.177083 0.21387999999999996
0 0.26593100000000003 0.3287340000000001 0.15502499999999997 0.140422
0 0.18688700000000003 0.657468 0.129289 0.31168799999999997
0 0.9008879999999999 0.05844200000000001 0.19760999999999995 0.075487
0 0.9163600000000001 0.317979 0.06801500000000005 0.107549
0 0.950827 0.707183 0.05177699999999996 0.2909900000000001
0 0.73943 0.769886 0.09957099999999997 0.060065000000000035
0 0.537837 0.93060075 0.08915399999999996 0.13879850000000005
0 0.13143400000000005 0.941761 0.17830900000000005 0.11647699999999994
0 0.425092 0.7213880000000001 0.04564999999999997 0.101055
0 0.419577 0.838271 0.08486499999999997 0.323458
0 0.6511950000000001 0.41923699999999997 0.045036999999999994 0.154221
0 0.779718 0.10450500000000001 0.031862999999999975 0.08969200000000001
0 0.431219 0.525771 0.17248799999999997 0.12621800000000005
0 0.06969999999999998 0.216112 0.010723000000000038 0.041802000000000006
0 0.05928299999999992 0.318182 0.022978000000000054 0.01948099999999997
0 0.631434 0.7816559999999999 0.013479999999999936 0.01623399999999997
0 0.8269 0.586851 0.07291700000000001 0.04626600000000003
0 0.706036 0.403206 0.140625 0.170049
0 0.932904 0.354911 0.08272099999999993 0.036119999999999985
0 0.920037 0.27313300000000007 0.0520830000000001 0.012987000000000026
0 0.862898 0.325284 0.170037 0.170049
0 0.061733999999999956 0.46733 0.06954700000000003 0.032872999999999986
0 0.02006724999999998 0.575487 0.04013449999999996 0.012175000000000047
0 0.08946100000000001 0.679586 0.02879900000000002 0.14813299999999996
