0 0.621144 0.521906 0.16193199999999996 0.08363999999999994
0 0.509334 0.830576 0.10470800000000002 0.064338
0 0.668628 0.7889090000000001 0.29098999999999997 0.07659300000000002
0 0.8027600000000001 0.855545 0.135552 0.10631100000000004
0 0.303571 0.915135 0.22808400000000006 0.052695999999999965
0 0.251826 0.356924 0.229302 0.177083
0 0.84375 0.301011 0.069805 0.027880000000000016
0 0.8788560000000001 0.61489 0.13433400000000006 0.09436299999999997
0 0.541599 0.6521139999999999 0.2715099999999999 0.06770799999999999
0 0.729099 0.19255499999999998 0.180601 0.053614999999999996
0 0.889813 0.055147 0.10673699999999997 0.055760000000000004
0 0.3534900000000001 0.169884 0.10633100000000001 0.310355
0 0.522524 0.3678 0.062094000000000094 0.037683999999999995
0 0.939529 0.181679 0.08441600000000005 0.10539199999999999
0 0.98559275 0.407629 0.028814499999999965 0.019913999999999987
0 0.905641 0.798407 0.18303599999999998 0.039827999999999975
0 0.036729 0.10064299999999998 0.071023 0.130208
0 0.534294 0.04028799999999999 0.07589299999999999 0.079963
0 0.484578 0.010876 0.111201 0.02114
0 0.8729709999999999 0.675092 0.12012999999999996 0.022978000000000054
0 0.6112010000000001 0.956648 0.028409000000000018 0.08670299999999997
0 0.8620129999999999 0.958946 0.15909099999999998 0.026348000000000038
0 0.79789 0.622702 0.021916000000000047 0.021751999999999994
0 0.45373399999999997 0.765625 0.01866899999999999 0.012255000000000016
0 0.9293829999999998 0.8472729999999999 0.14123399999999997 0.03645799999999999
0 0.26542200000000005 0.078431 0.127435 0.08027000000000001
