0 0.327053 0.120739 0.034619999999999984 0.179789
0 0.052696 0.075893 0.035539 0.025973999999999997
0 0.181985 0.155235 0.05269599999999999 0.11079499999999999
0 0.022212000000000003 0.290584 0.043811 0.10389599999999999
0 0.24862099999999998 0.4224840000000001 0.09650699999999998 0.039773
0 0.200827 0.784294 0.13572299999999998 0.07589299999999999
0 0.177849 0.892451 0.08363999999999999 0.07792200000000005
0 0.124081 0.668831 0.087623 0.026785999999999976
0 0.238205 0.634943 0.047487999999999975 0.07102299999999995
0 0.437194 0.7441149999999999 0.14889699999999995 0.13108799999999998
0 0.34589500000000006 0.821631 0.117647 0.03287300000000004
0 0.6315869999999999 0.743709 0.06403199999999998 0.041802000000000006
0 0.595588 0.247768 0.055146999999999946 0.11810100000000001
0 0.454657 0.240666 0.07230399999999998 0.15990300000000002
0 0.5972729999999999 0.11039000000000002 0.12224299999999999 0.06493500000000002
