0 0.517788 0.16859 0.16298100000000004 0.238462
0 0.660937 0.142308 0.07283700000000004 0.07948699999999999
0 0.763582 0.272756 0.10072100000000006 0.266667
0 0.935337 0.176763 0.09663500000000003 0.03173100000000001
0 0.988822 0.073397 0.018510000000000026 0.058332999999999996
0 0.800841 0.566506 0.03197099999999997 0.168269
0 0.669471 0.609615 0.04230800000000001 0.10256399999999999
0 0.499279 0.777404 0.07548100000000002 0.14134599999999997
0 0.20192300000000002 0.75609 0.13509600000000002 0.07051300000000005
0 0.12043300000000001 0.6051280000000001 0.173558 0.13589700000000005
0 0.357452 0.5926280000000002 0.07019200000000003 0.13589700000000005
0 0.063462 0.399359 0.05432699999999999 0.10961500000000002
0 0.062019 0.137981 0.101923 0.11314099999999999
0 0.745072 0.8807689999999999 0.090144 0.03717899999999996
0 0.64375 0.416987 0.043749999999999956 0.03525600000000001
0 0.37812500000000004 0.498077 0.16442300000000004 0.04230800000000001
0 0.539183 0.5416670000000001 0.038461999999999996 0.030128000000000044
0 0.5483170000000002 0.31891 0.03317300000000001 0.07948700000000003
0 0.358293 0.29503200000000007 0.13245200000000001 0.052885000000000015
0 0.18137 0.413462 0.19735600000000003 0.15192300000000003
0 0.403245 0.376282 0.21466299999999994 0.08140999999999998
0 0.678846 0.753365 0.012499999999999956 0.06634600000000002
0 0.259495 0.260577 0.078125 0.24551299999999998
0 0.11033700000000002 0.204968 0.04230800000000001 0.134295
0 0.716226 0.45881400000000006 0.032452000000000036 0.029808
0 0.48137 0.167788 0.582933 0.05288499999999999
0 0.30468799999999996 0.589263 0.030528999999999973 0.05480799999999997
0 0.386779 0.652724 0.07548100000000002 0.05480799999999997
0 0.811899 0.572756 0.03149000000000002 0.17371800000000004
