0 0.840505 0.07419900000000007 0.07860599999999995 0.022114999999999996
0 0.680288 0.257532 0.09567300000000001 0.063782
0 0.44387 0.363942 0.07620199999999999 0.12788500000000003
0 0.605409 0.517468 0.04158700000000004 0.094551
0 0.7406250000000001 0.557051 0.025000000000000022 0.16153800000000013
0 0.879447 0.9360580000000001 0.09350999999999998 0.026603000000000043
0 0.992548 0.789744 0.014904000000000028 0.014102999999999977
0 0.976082 0.560897 0.046394000000000046 0.03205100000000005
0 0.8701920000000001 0.438782 0.06394200000000005 0.13269200000000003
0 0.7034860000000001 0.839263 0.10697100000000004 0.25737199999999993
0 0.603005 0.958333 0.07187500000000002 0.06602599999999992
0 0.446394 0.9149039999999999 0.13557699999999995 0.15737199999999996
0 0.308053 0.5589740000000001 0.07139400000000001 0.14999999999999997
0 0.327764 0.630128 0.16274 0.033332999999999946
0 0.481971 0.5913459999999999 0.03317300000000001 0.02435900000000002
0 0.5925479999999999 0.716026 0.044711999999999974 0.05320500000000006
0 0.501563 0.798878 0.022356000000000043 0.061859
0 0.44807699999999995 0.7788459999999999 0.039903999999999995 0.11474400000000007
0 0.417067 0.820192 0.025480999999999976 0.125641
0 0.314904 0.8403849999999999 0.134135 0.04679500000000003
0 0.232572 0.95625 0.29831699999999994 0.022756
0 0.03149 0.7426280000000001 0.055769 0.10641
0 0.072236 0.9266030000000001 0.031009999999999996 0.144872
0 0.145793 0.758494 0.217067 0.23621800000000004
0 0.084135 0.5405449999999999 0.161058 0.12339699999999998
0 0.149639 0.386218 0.12427899999999997 0.07179499999999994
0 0.6174280000000001 0.37756399999999996 0.036779000000000006 0.06602600000000003
0 0.501923 0.1791669999999999 0.026442000000000077 0.010897000000000046
0 0.7501199999999999 0.554327 0.025720999999999994 0.16442299999999999
0 0.330649 0.759295 0.19976000000000005 0.035255999999999954
0 0.513942 0.961058 0.355769 0.01634599999999997
0 0.6622600000000001 0.6625000000000001 0.03221200000000002 0.027564000000000033
0 0.6962739999999998 0.06794900000000009 0.08870199999999995 0.126923
0 0.43894200000000005 0.04759599999999997 0.021635000000000015 0.09070500000000004
0 0.336538 0.15256400000000003 0.04903799999999997 0.015384999999999982
