0 0.789675 0.038961 0.142463 0.07711
0 0.4757970000000001 0.078125 0.07475500000000002 0.12784099999999998
0 0.23774499999999998 0.194196 0.10048999999999997 0.04667199999999999
0 0.8383879999999999 0.260552 0.038296999999999914 0.055194999999999994
0 0.591146 0.28551100000000007 0.061581 0.023133000000000015
0 0.925551 0.432427 0.015318999999999972 0.17897699999999994
0 0.968137 0.38332 0.06004900000000002 0.06858799999999998
0 0.7614890000000001 0.6879059999999999 0.06403199999999998 0.09009699999999998
0 0.776654 0.730925 0.110294 0.02110400000000001
0 0.7807900000000001 0.967938 0.127757 0.027596999999999983
0 0.678922 0.9864039999999998 0.04718100000000003 0.02637999999999996
0 0.662377 0.445211 0.118873 0.027596999999999983
0 0.5053620000000001 0.5963879999999999 0.08792899999999998 0.05073099999999997
0 0.5410539999999999 0.767654 0.12132399999999999 0.13595800000000002
0 0.47993300000000005 0.9707789999999998 0.17984099999999992 0.058441999999999994
0 0.606311 0.9707789999999998 0.02328399999999997 0.058441999999999994
0 0.492341 0.40970000000000006 0.02083299999999999 0.071023
0 0.4241730000000001 0.26400200000000007 0.03278199999999998 0.01582800000000001
0 0.37898299999999996 0.009131 0.03247500000000003 0.017451
0 0.362439 0.43263 0.08149499999999998 0.025162000000000018
0 0.28462 0.548701 0.123162 0.06493499999999996
0 0.302237 0.6546270000000001 0.07322300000000004 0.073052
0 0.045956 0.045252 0.039827999999999975 0.089692
0 0.10309400000000007 0.33664800000000006 0.07260999999999995 0.16193200000000002
0 0.16436900000000004 0.578734 0.05974299999999999 0.02110400000000001
0 0.42402 0.844968 0.025734999999999952 0.09902600000000006
0 0.26884199999999997 0.987622 0.03155600000000003 0.024756
