0 0.13863400000000003 0.863839 0.01072300000000001 0.12702899999999995
0 0.261642 0.510755 0.02328399999999997 0.256899
0 0.126838 0.22016999999999992 0.125 0.17897700000000005
0 0.8647369999999999 0.828937 0.16207099999999997 0.107549
0 0.727175 0.511161 0.015012000000000025 0.08888000000000007
0 0.599112 0.34030000000000005 0.022364999999999968 0.13271100000000002
0 0.690717 0.07203700000000002 0.09099299999999999 0.13595800000000002
0 0.7196690000000001 0.22828700000000002 0.16544100000000006 0.05154199999999998
0 0.93076 0.076907 0.033088000000000006 0.145698
0 0.961857 0.43628199999999995 0.008885000000000032 0.05032499999999995
0 0.402574 0.5058849999999999 0.07107799999999997 0.07995099999999994
0 0.217831 0.12134699999999993 0.014705999999999997 0.23701300000000003
0 0.029105 0.672078 0.057597999999999996 0.11201300000000003
0 0.012255000000000002 0.521104 0.023897 0.0909089999999999
0 0.72886 0.948458 0.160539 0.08279199999999998
0 0.474724 0.834619 0.05055100000000001 0.21712700000000007
0 0.268995 0.956575 0.03615200000000002 0.0803569999999999
0 0.381281 0.931818 0.045650000000000024 0.13392900000000008
0 0.43076000000000003 0.1844559999999999 0.07107800000000003 0.12540600000000002
0 0.8584560000000001 0.509131 0.07169100000000006 0.16111999999999993
0 0.9629290000000001 0.601461 0.06801500000000005 0.06087700000000007
0 0.226869 0.57711 0.092831 0.02110400000000001
0 0.422794 0.269481 0.12009799999999998 0.344156
0 0.644301 0.43892000000000003 0.014705999999999997 0.02313299999999996
0 0.9901959999999999 0.660917 0.01960799999999996 0.017450999999999883
