0 0.910846 0.883523 0.104167 0.099026
0 0.905484 0.870942 0.117341 0.102273
0 0.821078 0.726664 0.091912 0.020698
0 0.951440 0.615057 0.017463 0.063718
0 0.988971 0.697443 0.022059 0.019075
0 0.979473 0.456778 0.041054 0.026380
0 0.974112 0.306615 0.051777 0.033685
0 0.956801 0.346997 0.086397 0.040584
0 0.958027 0.361404 0.083946 0.065341
0 0.950061 0.396916 0.099877 0.047890
0 0.816176 0.532468 0.013480 0.051136
0 0.701440 0.326705 0.146752 0.038961
0 0.521446 0.201299 0.021446 0.198052
0 0.639400 0.588271 0.126838 0.045860
0 0.675551 0.931615 0.027574 0.136769
0 0.614737 0.060877 0.122855 0.111201
0 0.806679 0.060268 0.090686 0.113231
0 0.913450 0.193385 0.048100 0.185471
0 0.863358 0.253653 0.083946 0.231331
0 0.760110 0.292411 0.061275 0.157062
0 0.341759 0.243912 0.038909 0.017857
0 0.446691 0.544237 0.021446 0.077922
0 0.311734 0.545049 0.050551 0.178571
0 0.407782 0.712459 0.120098 0.025568
0 0.456036 0.890219 0.034620 0.105925
0 0.368413 0.989448 0.027880 0.021104
0 0.273591 0.792005 0.014093 0.140016
0 0.092525 0.530844 0.036152 0.118506
0 0.053309 0.514205 0.045343 0.148539
0 0.212623 0.102679 0.030637 0.198052
0 0.134651 0.257914 0.261336 0.155438
0 0.139400 0.833198 0.036152 0.199675
0 0.025123 0.936485 0.037377 0.127029
0 0.856618 0.075690 0.126838 0.026380
0 0.024969 0.277192 0.049326 0.121753
