0 0.439338 0.818791 0.09742600000000001 0.036932000000000076
0 0.519301 0.95211 0.06004900000000002 0.09496799999999994
0 0.14951 0.8697239999999999 0.08884799999999998 0.09334399999999998
0 0.058058 0.914976 0.115502 0.162744
0 0.284161 0.42410700000000007 0.03155599999999997 0.17776000000000003
0 0.130821 0.38088500000000003 0.056373000000000006 0.11485400000000001
0 0.206648 0.11221599999999998 0.085478 0.040178999999999965
0 0.557445 0.43547100000000005 0.11734100000000003 0.061687999999999965
0 0.571998 0.7167209999999999 0.061887000000000025 0.11931799999999992
0 0.029871 0.699472 0.010109999999999994 0.06128200000000006
0 0.12071100000000001 0.5909089999999999 0.05208299999999999 0.05113599999999996
0 0.244638 0.7305189999999999 0.11611500000000002 0.280844
0 0.414062 0.30235400000000007 0.06525700000000001 0.14123399999999997
0 0.553922 0.304789 0.04656899999999997 0.118506
0 0.538756 0.029221000000000108 0.138787 0.058441999999999994
0 0.308517 0.9653 0.01593100000000003 0.06858799999999998
0 0.6421569999999999 0.907062 0.04411799999999999 0.10795500000000002
0 0.318781 0.8480110000000001 0.056066000000000005 0.14488599999999996
