0 0.830649 0.293429 0.07283700000000004 0.08493600000000001
0 0.69399 0.287019 0.19999999999999996 0.295192
0 0.559375 0.18253200000000003 0.06682699999999997 0.03878200000000001
0 0.221154 0.253365 0.136538 0.13237200000000002
0 0.044231000000000006 0.273077 0.087981 0.04102600000000001
0 0.208053 0.533494 0.060337 0.11057699999999998
0 0.0625 0.46570500000000004 0.12451899999999999 0.10064100000000004
0 0.267308 0.755609 0.17884600000000003 0.13878199999999996
0 0.511899 0.7439100000000001 0.07427899999999998 0.13076900000000002
0 0.533894 0.655929 0.16298100000000004 0.03621799999999997
0 0.662139 0.9386219999999998 0.07764400000000005 0.12275599999999998
0 0.810937 0.573237 0.04591299999999998 0.03044899999999995
0 0.713101 0.46602600000000005 0.01129800000000003 0.05961500000000003
0 0.058894 0.740385 0.055769000000000006 0.18012800000000007
0 0.25601 0.343269 0.03269200000000003 0.126282
0 0.023558 0.31650600000000007 0.046635 0.01442300000000002
0 0.512981 0.43413500000000005 0.13028799999999996 0.031090000000000007
0 0.932692 0.431891 0.11009599999999997 0.27724400000000005
0 0.6979569999999999 0.696474 0.042066999999999966 0.027564000000000033
0 0.351562 0.9081730000000001 0.12716300000000003 0.08493600000000001
0 0.641827 0.47339700000000007 0.08221199999999995 0.16602600000000006
0 0.333774 0.548718 0.19735600000000003 0.146795
0 0.542308 0.507212 0.21201900000000007 0.08493599999999996
0 0.415144 0.392308 0.09278799999999998 0.25448699999999996
0 0.664423 0.309295 0.636058 0.04230800000000001
0 0.397957 0.176603 0.029086999999999974 0.03525600000000001
0 0.835577 0.781571 0.03557699999999997 0.102885
0 0.8484369999999999 0.922596 0.006489999999999996 0.05096199999999995
0 0.977764 0.7375 0.034856 0.16923100000000002
