0 0.06587009803921567 0.9247159090909092 0.036151960784313715 0.054788961038961026
0 0.29733455882352944 0.5629058441558441 0.04258578431372545 0.1607142857142857
0 0.3152573529411765 0.8338068181818181 0.04411764705882354 0.12378246753246758
0 0.08532475490196079 0.5355113636363636 0.04810049019607843 0.19439935064935066
0 0.057291666666666664 0.8214285714285714 0.021446078431372542 0.04951298701298701
0 0.017156862745098037 0.8179788961038961 0.029411764705882353 0.05316558441558439
0 0.024509803921568627 0.8392857142857143 0.046568627450980386 0.04951298701298712
0 0.03462009803921568 0.8524756493506493 0.06678921568627451 0.11485389610389607
0 0.18520220588235292 0.9551542207792207 0.04258578431372548 0.026379870129870198
0 0.422640931372549 0.9839691558441559 0.040134803921568596 0.02475649350649356
0 0.4139093137254902 0.9831574675324675 0.04411764705882354 0.026379870129870198
0 0.5159313725490198 0.744724025974026 0.07475490196078438 0.06899350649350655
0 0.9335171568627452 0.9336444805194806 0.021446078431372473 0.08319805194805185
0 0.8161764705882353 0.7650162337662338 0.01593137254901955 0.1696428571428571
0 0.6260723039215687 0.6150568181818181 0.02787990196078427 0.15543831168831168
0 0.8040747549019608 0.5998376623376623 0.09344362745098045 0.10064935064935066
0 0.7394301470588235 0.3851461038961039 0.10814950980392157 0.04951298701298701
0 0.5827205882352942 0.461038961038961 0.05882352941176472 0.07061688311688319
0 0.5759803921568627 0.4717938311688313 0.06127450980392157 0.08482142857142849
0 0.4848345588235295 0.33319805194805197 0.06280637254901966 0.12905844155844148
0 0.6962316176470589 0.47159090909090917 0.04810049019607843 0.1696428571428572
0 0.9880514705882353 0.4717938311688313 0.023897058823529438 0.07426948051948046
0 0.3480392156862745 0.317978896103896 0.05330882352941174 0.056412337662337664
0 0.5860906862745099 0.21550324675324667 0.0894607843137255 0.06006493506493504
0 0.40456495098039214 0.15097402597402598 0.1161151960784314 0.13961038961038952
0 0.07858455882352941 0.26136363636363635 0.13327205882352944 0.09902597402597402
0 0.1793811274509804 0.06351461038961037 0.02542892156862747 0.0848214285714286
0 0.6662071078431373 0.06351461038961037 0.16145833333333337 0.06371753246753253
0 0.7873774509803921 0.14387175324675328 0.054534313725490224 0.09375
0 0.8494178921568627 0.03530844155844148 0.07996323529411764 0.07061688311688297
0 0.16927083333333331 0.6483360389610389 0.010723039215686264 0.035308441558441594
0 0.20925245098039216 0.5663555194805194 0.015931372549019607 0.026379870129870198
0 0.23192401960784315 0.5253652597402597 0.013480392156862753 0.02313311688311681
