0 0.266031 0.619792 0.038555000000000006 0.22610299999999994
0 0.611201 0.243873 0.22646100000000002 0.12745099999999998
0 0.4924920000000001 0.071691 0.2390420000000001 0.09007399999999999
0 0.44723999999999997 0.23728599999999997 0.091721 0.09221799999999997
0 0.277394 0.3596809999999999 0.21875 0.11397099999999999
0 0.137175 0.306219 0.142857 0.07506099999999999
0 0.450893 0.727482 0.03733799999999998 0.18780600000000003
0 0.579951 0.891391 0.1737010000000001 0.18780600000000003
0 0.357346 0.917586 0.18465900000000002 0.14277000000000006
0 0.6948049999999999 0.516697 0.09334399999999998 0.013174000000000019
0 0.877435 0.109681 0.07467500000000005 0.018994999999999998
0 0.936282 0.161458 0.08360400000000001 0.05208299999999999
0 0.953328 0.4362750000000001 0.065747 0.18443600000000004
0 0.864854 0.723039 0.04058399999999995 0.016544000000000003
0 0.759131 0.803922 0.17816600000000005 0.118873
0 0.793628 0.359375 0.086445 0.04472999999999999
0 0.112013 0.04902000000000001 0.11201299999999997 0.033088000000000006
0 0.270292 0.884191 0.053571000000000035 0.231618
0 0.054586 0.207414 0.10836 0.08026999999999998
0 0.2680600000000001 0.514246 0.029627000000000014 0.034619999999999984
0 0.493101 0.596967 0.012174999999999991 0.013174000000000019
0 0.502232 0.571844 0.010958000000000023 0.015625
0 0.590097 0.5981919999999998 0.015422000000000047 0.005820999999999965
0 0.7337659999999999 0.6579350000000002 0.14042199999999994 0.11979200000000001
0 0.874797 0.150735 0.079951 0.09129900000000002
