0 0.567708 0.193994 0.10906900000000008 0.25243499999999996
0 0.6611520000000001 0.49513 0.07414199999999993 0.20373399999999997
0 0.493413 0.660106 0.035846000000000044 0.087256
0 0.583793 0.887378 0.08057599999999998 0.16761400000000004
0 0.34390299999999996 0.8614039999999998 0.11182599999999998 0.079951
0 0.3936889999999999 0.505885 0.07046600000000003 0.096997
0 0.296109 0.459416 0.06586999999999998 0.07873399999999997
0 0.29120699999999994 0.2778 0.022978000000000054 0.079951
0 0.26700399999999996 0.091112 0.249081 0.170049
0 0.10416700000000001 0.288352 0.099877 0.020697999999999994
0 0.163756 0.582589 0.015625 0.18465899999999996
0 0.050092000000000025 0.6302760000000001 0.013786999999999994 0.12987000000000004
0 0.750613 0.8175730000000001 0.10784299999999991 0.13676900000000003
0 0.04656899999999997 0.9176140000000002 0.09313700000000003 0.04951300000000003
0 0.01960799999999996 0.93405 0.03798999999999997 0.12865300000000002
