0 0.0891539999999999 0.883523 0.10416700000000001 0.09902600000000006
0 0.09451599999999999 0.870942 0.11734100000000003 0.10227300000000006
0 0.17892200000000003 0.726664 0.091912 0.020697999999999994
0 0.04856000000000005 0.615057 0.017463000000000006 0.06371800000000005
0 0.01102924999999999 0.697443 0.02205849999999998 0.019074999999999953
0 0.020526999999999962 0.456778 0.041053999999999924 0.026380000000000015
0 0.02588825 0.3066150000000001 0.0517765 0.03368500000000002
0 0.04319900000000004 0.346997 0.08639699999999995 0.04058400000000001
0 0.041973000000000094 0.361404 0.08394599999999997 0.06534099999999998
0 0.049938999999999956 0.396916 0.099877 0.04788999999999999
0 0.18382399999999993 0.5324679999999999 0.013480000000000047 0.05113599999999996
0 0.29856000000000005 0.326705 0.146752 0.03896100000000002
0 0.4785540000000001 0.201299 0.021445999999999965 0.198052
0 0.36060000000000003 0.588271 0.126838 0.04586000000000001
0 0.324449 0.9316150000000001 0.027573999999999987 0.13676900000000003
0 0.38526299999999997 0.060877 0.12285500000000005 0.111201
0 0.19332099999999997 0.060268 0.09068600000000004 0.113231
0 0.08655000000000002 0.193385 0.04810000000000003 0.185471
0 0.1366420000000001 0.253653 0.08394599999999997 0.23133099999999998
0 0.23989000000000005 0.292411 0.06127499999999997 0.15706200000000003
0 0.6582410000000001 0.24391199999999996 0.03890899999999997 0.017856999999999984
0 0.553309 0.544237 0.021445999999999965 0.07792200000000005
0 0.688266 0.545049 0.05055100000000001 0.17857100000000004
0 0.5922180000000001 0.712459 0.12009799999999993 0.025568000000000035
0 0.543964 0.890219 0.034620000000000095 0.10592500000000005
0 0.631587 0.989448 0.027879999999999905 0.02110400000000001
0 0.7264090000000001 0.7920050000000001 0.014093000000000022 0.14001600000000003
0 0.907475 0.530844 0.03615199999999996 0.118506
0 0.946691 0.514205 0.04534300000000002 0.14853899999999998
0 0.787377 0.10267900000000002 0.030637000000000025 0.198052
0 0.865349 0.257914 0.261336 0.15543799999999997
0 0.8606 0.8331979999999999 0.03615199999999996 0.19967499999999994
0 0.974877 0.936485 0.037376999999999994 0.12702899999999995
0 0.143382 0.07569 0.126838 0.026379999999999994
0 0.975031 0.277192 0.04932599999999998 0.121753
