0 0.31047099999999994 0.146599 0.015421999999999991 0.09773300000000001
0 0.18790600000000002 0.560662 0.038149000000000016 0.14522099999999993
0 0.014407 0.78462 0.028003 0.05882399999999999
0 0.021916000000000005 0.37576599999999993 0.043019 0.02542899999999998
0 0.016640000000000002 0.19715099999999997 0.032468 0.015011999999999998
0 0.32650199999999996 0.52451 0.042613999999999985 0.10968099999999997
0 0.527192 0.61826 0.07548700000000003 0.10477899999999996
0 0.55905 0.764246 0.12297100000000005 0.09957099999999997
0 0.366883 0.964001 0.15016200000000002 0.03952200000000006
0 0.602273 0.897672 0.10064899999999999 0.03125
0 0.840706 0.831342 0.14407499999999995 0.04135999999999995
0 0.904018 0.9166669999999999 0.03936700000000004 0.014705999999999997
0 0.872159 0.254749 0.06818199999999996 0.11182599999999998
0 0.984375 0.521752 0.03125 0.009804000000000035
0 0.251218 0.776348 0.14042199999999996 0.018994999999999984
0 0.547484 0.39506699999999995 0.10308399999999995 0.10447299999999998
0 0.75142 0.503217 0.036931999999999965 0.11182599999999998
0 0.701502 0.712623 0.016639999999999988 0.01593100000000003
0 0.126218 0.973039 0.12743499999999996 0.039827999999999975
0 0.495739 0.929994 0.023944999999999994 0.008271999999999946
0 0.555601 0.416207 0.24269499999999994 0.269301
0 0.098214 0.19255500000000003 0.06006499999999999 0.01072300000000001
0 0.057833 0.320925 0.114854 0.045650000000000024
0 0.950284 0.922488 0.09943199999999996 0.026348000000000038
0 0.184456 0.190564 0.054789000000000004 0.009804000000000007
