0 0.32797200000000004 0.573255 0.05606599999999995 0.24553599999999998
0 0.486826 0.584619 0.1145830000000001 0.1870940000000001
0 0.36197900000000005 0.948864 0.04932599999999998 0.07792200000000005
0 0.397212 0.933847 0.018688999999999956 0.118506
0 0.591452 0.859578 0.16145799999999988 0.121753
0 0.696691 0.801339 0.08149499999999998 0.24553599999999998
0 0.783548 0.435877 0.022364999999999968 0.138799
0 0.8042279999999999 0.606128 0.159926 0.07426900000000003
0 0.783548 0.613028 0.04932599999999998 0.236607
0 0.946691 0.655438 0.01593100000000003 0.169643
0 0.664828 0.978896 0.030637000000000025 0.04220800000000002
0 0.85432 0.918019 0.027880000000000016 0.07954499999999998
0 0.8828119999999999 0.944196 0.034619999999999984 0.104302
0 0.914675 0.936485 0.034620000000000095 0.12702899999999995
