0 0.959255 0.038782 0.081490 0.076923
0 0.790264 0.083814 0.143029 0.166987
0 0.287740 0.017308 0.033654 0.033974
0 0.374880 0.063942 0.029567 0.127244
0 0.115144 0.029808 0.095673 0.019872
0 0.179928 0.007372 0.039183 0.014103
0 0.153005 0.177885 0.163221 0.100641
0 0.321034 0.250000 0.067548 0.100641
0 0.531250 0.125160 0.083654 0.249679
0 0.635216 0.161859 0.134856 0.046795
0 0.767428 0.193429 0.064663 0.159936
0 0.845553 0.204808 0.024279 0.071795
0 0.940144 0.311218 0.043269 0.035897
0 0.509736 0.278846 0.337260 0.158333
0 0.376202 0.461378 0.202404 0.124038
0 0.629687 0.454968 0.081010 0.150962
0 0.461058 0.623237 0.137500 0.077244
0 0.778245 0.654647 0.086298 0.133013
0 0.955649 0.513622 0.052644 0.106090
0 0.967067 0.657372 0.021635 0.073718
0 0.184736 0.866987 0.164663 0.147436
0 0.160337 0.432532 0.043269 0.181731
0 0.652404 0.383814 0.176442 0.020833
0 0.654928 0.241186 0.214663 0.047756
0 0.913822 0.140224 0.104567 0.061859
