0 0.188725 0.032062 0.049020 0.063312
0 0.448376 0.123580 0.147365 0.104302
0 0.158548 0.208604 0.113051 0.107955
0 0.315104 0.334213 0.071385 0.039367
0 0.163756 0.515422 0.053002 0.148539
0 0.426777 0.475244 0.072304 0.095779
0 0.672028 0.258523 0.195772 0.136364
0 0.898744 0.396104 0.035233 0.234578
0 0.696232 0.548701 0.065870 0.116883
0 0.586397 0.618506 0.066789 0.028409
0 0.359069 0.764002 0.139706 0.024756
0 0.314491 0.907468 0.095282 0.006494
0 0.570312 0.861201 0.015625 0.133929
0 0.935662 0.859984 0.128676 0.025974
0 0.903646 0.552963 0.192708 0.570211
