0 0.076202 0.8318909999999999 0.151923 0.145833
0 0.242668 0.813782 0.08101000000000003 0.28589700000000007
0 0.24939900000000004 0.236699 0.19110600000000003 0.205449
0 0.309014 0.909455 0.088221 0.07019200000000003
0 0.527404 0.668269 0.024518999999999957 0.13397400000000004
0 0.670312 0.697596 0.052644000000000024 0.307372
0 0.858413 0.778365 0.28173099999999995 0.08685900000000002
0 0.926202 0.597917 0.14759600000000006 0.05224400000000007
0 0.7388219999999999 0.60016 0.025720999999999994 0.295833
0 0.7104570000000001 0.631891 0.032452000000000036 0.354808
0 0.601442 0.290385 0.43173100000000003 0.5807689999999999
0 0.594591 0.258013 0.809375 0.019872
0 0.9493989999999999 0.015224249999999995 0.04591299999999998 0.03044849999999999
0 0.367428 0.561218 0.10120200000000001 0.2121789999999999
0 0.91875 0.3022439999999999 0.16249999999999998 0.010897000000000046
0 0.958173 0.710256 0.0836539999999999 0.03653800000000007
