0 0.084295 0.101923 0.167949 0.163942
0 0.07147399999999998 0.266827 0.142308 0.11971200000000001
0 0.734615 0.8372599999999999 0.312179 0.267308
0 0.515224 0.8359380000000001 0.15096200000000004 0.327163
0 0.631731 0.029808 0.13333300000000003 0.05913499999999999
0 0.253846 0.477524 0.146795 0.13485599999999998
0 0.7826920000000002 0.553486 0.032692000000000054 0.02091299999999996
0 0.6761219999999999 0.978606 0.05032099999999995 0.04278800000000005
0 0.553045 0.517788 0.04070499999999999 0.023557999999999968
0 0.240545 0.373918 0.24070499999999997 0.10841299999999998
0 0.605288 0.8159859999999999 0.05032099999999995 0.061297999999999964
0 0.479968 0.42488 0.10416700000000001 0.14639400000000002
0 0.409135 0.562981 0.010577000000000003 0.08028800000000003
0 0.4375 0.064062 0.005769000000000024 0.12524
0 0.956891 0.334495 0.03301299999999996 0.29831699999999994
0 0.976763 0.346394 0.03108999999999995 0.2644230000000001
0 0.6368590000000001 0.194351 0.06730800000000003 0.01658699999999999
0 0.651122 0.162019 0.034294999999999964 0.039903999999999995
