0 0.28508 0.029221000000000004 0.037683999999999995 0.05763
0 0.223652 0.14021900000000004 0.130515 0.022321000000000008
0 0.5257350000000001 0.083401 0.13419100000000006 0.16598999999999997
0 0.38189300000000004 0.358157 0.17861500000000002 0.212256
0 0.313419 0.223823 0.016544000000000003 0.04099
0 0.179841 0.413149 0.087623 0.10795500000000002
0 0.126838 0.5742690000000001 0.033700999999999995 0.066558
0 0.257506 0.828734 0.124081 0.053571000000000035
0 0.450674 0.800122 0.12745099999999998 0.045049000000000006
0 0.565564 0.599229 0.13909299999999997 0.05235400000000001
0 0.603401 0.456575 0.13327200000000006 0.035714000000000024
0 0.6403190000000001 0.317167 0.19975500000000002 0.023133000000000015
0 0.9231 0.480114 0.14951000000000003 0.05762999999999996
0 0.7342220000000002 0.730925 0.08731600000000006 0.04788999999999999
0 0.828278 0.094156 0.144914 0.075487
0 0.942249 0.178166 0.115502 0.009739999999999999
0 0.908854 0.231128 0.04564999999999997 0.25121799999999994
0 0.585018 0.017248 0.161458 0.03368499999999999
