0 0.606128 0.18627499999999997 0.145698 0.061274999999999996
0 0.591315 0.535846 0.03490300000000002 0.21201000000000003
0 0.714286 0.4823839999999999 0.065747 0.11856599999999995
0 0.852881 0.734988 0.09131500000000004 0.08517200000000003
0 0.666193 0.8894 0.264205 0.011642000000000041
0 0.9362820000000001 0.862439 0.11526000000000003 0.03247500000000003
0 0.9886360000000001 0.37852299999999994 0.022727000000000053 0.08792899999999998
0 0.974432 0.532169 0.05113599999999996 0.011028999999999956
0 0.683847 0.31602300000000005 0.121753 0.100184
0 0.757508 0.137102 0.05154199999999998 0.06219399999999997
0 0.8551139999999999 0.361673 0.01623399999999997 0.292586
0 0.801948 0.633578 0.381494 0.284926
0 0.957386 0.317708 0.08522699999999994 0.030637000000000025
0 0.899554 0.1322 0.131899 0.032169
0 0.556818 0.483609 0.03409099999999998 0.08792900000000003
0 0.5675730000000001 0.552696 0.038555000000000006 0.1415439999999999
