0 0.134038 0.377232 0.09834600000000002 0.2495940000000001
0 0.300398 0.598417 0.084252 0.15706200000000003
0 0.503217 0.660714 0.14552699999999996 0.10551900000000003
0 0.376225 0.821631 0.128676 0.23823099999999997
0 0.634804 0.768669 0.07107799999999997 0.07548699999999997
0 0.081036 0.973214 0.161458 0.03327900000000006
0 0.025735 0.827922 0.050858 0.043831000000000064
0 0.0625 0.604911 0.124387 0.10267900000000008
0 0.12546 0.06148524999999999 0.24601699999999999 0.12297049999999998
0 0.240043 0.19926900000000008 0.05055100000000001 0.058441999999999994
0 0.511029 0.12926125 0.04350499999999996 0.2585225
0 0.7210480000000001 0.562906 0.11917900000000003 0.03246799999999994
0 0.799479 0.697443 0.09895799999999999 0.07183400000000006
0 0.602022 0.8581570000000001 0.14951000000000003 0.036932000000000076
0 0.517616 0.39082799999999995 0.05177699999999996 0.014610000000000012
0 0.350337 0.20616900000000005 0.05116399999999999 0.125
0 0.8769910000000001 0.8857550000000001 0.02726700000000004 0.06534099999999998
0 0.938419 0.3944809999999999 0.123162 0.04301900000000003
0 0.929228 0.15259699999999998 0.09436299999999997 0.053571000000000035
