0 0.813725 0.606128 0.06127499999999997 0.145698
0 0.46415399999999996 0.591315 0.21201000000000003 0.03490300000000002
0 0.5176160000000001 0.714286 0.11856599999999995 0.065747
0 0.265012 0.852881 0.08517200000000003 0.09131500000000004
0 0.11059999999999998 0.666193 0.011642000000000041 0.264205
0 0.13756100000000004 0.9362820000000001 0.03247500000000003 0.11526000000000003
0 0.6214770000000001 0.9886360000000001 0.08792899999999992 0.022727000000000053
0 0.467831 0.974432 0.011028999999999956 0.05113599999999996
0 0.6839770000000001 0.683847 0.10018399999999994 0.121753
0 0.8628979999999999 0.757508 0.06219399999999997 0.05154199999999998
0 0.638327 0.8551139999999999 0.292586 0.01623399999999997
0 0.366422 0.801948 0.284926 0.381494
0 0.682292 0.957386 0.030637000000000025 0.08522699999999994
0 0.8677999999999999 0.899554 0.032169 0.131899
0 0.516391 0.556818 0.08792900000000003 0.03409099999999998
0 0.44730400000000003 0.5675730000000001 0.1415439999999999 0.038555000000000006
