0 0.40671 0.772524 0.07873799999999997 0.10267899999999996
0 0.46568599999999993 0.758117 0.04472999999999999 0.09902600000000006
0 0.594669 0.7364040000000001 0.03125 0.08076300000000003
0 0.714614 0.821226 0.05422799999999994 0.138393
0 0.843137 0.751015 0.09375 0.11323099999999997
0 0.40119499999999997 0.6215499999999999 0.179228 0.05560100000000001
0 0.633885 0.6367689999999999 0.13173999999999997 0.11526000000000003
0 0.666667 0.541193 0.03125 0.12946400000000002
0 0.44194199999999995 0.41294600000000004 0.165748 0.12053599999999998
0 0.618566 0.34253199999999995 0.06801500000000005 0.10957799999999995
0 0.828738 0.439732 0.07046600000000003 0.17816600000000005
0 0.759651 0.3319809999999999 0.230699 0.17451300000000003
0 0.9355089999999999 0.14224799999999999 0.06648299999999996 0.13676900000000003
0 0.679534 0.11607100000000004 0.18995099999999998 0.14204499999999998
0 0.367953 0.2491879999999999 0.006740000000000024 0.09172100000000005
0 0.341452 0.27090099999999995 0.040748000000000006 0.030437999999999965
0 0.392923 0.5724429999999999 0.09344400000000003 0.010145999999999988
0 0.49387300000000006 0.028003000000000056 0.016544000000000003 0.03977299999999995
0 0.363971 0.886567 0.068627 0.02313300000000007
0 0.51057 0.856331 0.03155600000000003 0.025162000000000018
0 0.9306067499999999 0.4456170000000001 0.13878650000000003 0.03409099999999998
0 0.92723675 0.37195599999999995 0.1455264999999999 0.025568000000000035
0 0.363205 0.11586900000000006 0.102022 0.017450999999999994
0 0.462469 0.13819000000000004 0.032169 0.19196400000000002
0 0.844669 0.895292 0.12745099999999998 0.04058399999999995
