0 0.32827818627450983 0.21854707792207795 0.015625 0.1513798701298701
0 0.49004289215686275 0.317978896103896 0.07506127450980393 0.23336038961038963
0 0.6465992647058824 0.04870129870129869 0.015625 0.09740259740259738
0 0.6276041666666667 0.1939935064935065 0.15900735294117652 0.10876623376623373
0 0.1724877450980392 0.3547077922077922 0.08394607843137253 0.28733766233766234
0 0.3771446078431373 0.03388798701298701 0.08210784313725489 0.06777597402597402
0 0.09941789215686274 0.8116883116883117 0.19883578431372548 0.05032467532467533
0 0.22212009803921565 0.13940746753246747 0.08394607843137253 0.27881493506493493
0 0.6128982843137255 0.24228896103896103 0.07077205882352944 0.08279220779220786
0 0.7377450980392157 0.2834821428571429 0.011029411764705954 0.01745129870129869
0 0.050551470588235295 0.3898133116883117 0.10110294117647059 0.05803571428571419
0 0.3606004901960784 0.3887987012987013 0.017769607843137247 0.02110389610389607
0 0.4696691176470588 0.5927353896103896 0.013480392156862697 0.020698051948051965
0 0.31495098039215685 0.5791396103896103 0.011642156862745112 0.03490259740259749
0 0.6047794117647058 0.3202110389610388 0.03676470588235292 0.052759740259740284
0 0.5444240196078431 0.414163961038961 0.022058823529411686 0.03612012987012991
0 0.4643075980392157 0.5150162337662337 0.049325980392156854 0.07954545454545459
0 0.41513480392156865 0.6791801948051948 0.028186274509803877 0.041801948051948035
0 0.0350796568627451 0.0689935064935066 0.0701593137254902 0.08198051948051954
0 0.6943933823529411 0.0647321428571428 0.018075980392156965 0.1294642857142856
