0 0.4941110000000001 0.936859 0.07139399999999996 0.1256410000000001
0 0.635938 0.7544869999999999 0.03918299999999997 0.10256399999999999
0 0.35264400000000007 0.8956729999999999 0.03365400000000002 0.06826900000000002
0 0.41875 0.979167 0.020191999999999988 0.04102600000000001
0 0.329087 0.7410260000000001 0.056730999999999976 0.08269199999999999
0 0.051803 0.6870189999999999 0.066106 0.11506400000000006
0 0.010817 0.634135 0.021154 0.059294999999999876
0 0.523798 0.5793269999999999 0.03365399999999996 0.06826900000000002
0 0.449159 0.6637819999999999 0.018990000000000007 0.05384599999999995
0 0.818029 0.8625 0.055288000000000004 0.06282100000000002
0 0.93221175 0.439744 0.1355765 0.1852560000000001
0 0.9340140000000001 0.32740400000000003 0.052644000000000024 0.061217999999999995
0 0.5664660000000001 0.281571 0.02427900000000005 0.08814100000000002
0 0.626322 0.48910299999999995 0.07427899999999998 0.06474399999999991
0 0.7079330000000001 0.20753200000000005 0.10240400000000005 0.034294999999999964
0 0.7227160000000001 0.598077 0.06466300000000003 0.06282100000000002
0 0.5320910000000001 0.451442 0.017548000000000008 0.021473999999999993
0 0.340264 0.341827 0.022836999999999996 0.061217999999999995
0 0.854327 0.969231 0.028364999999999974 0.06089700000000009
0 0.710817 0.823558 0.07019200000000003 0.15480800000000006
0 0.6957930000000001 0.34086500000000003 0.06466300000000003 0.041345999999999994
0 0.794351 0.3453530000000001 0.016105999999999954 0.032371999999999956
0 0.304567 0.559455 0.04855799999999999 0.07916699999999999
0 0.461779 0.5001599999999999 0.06346200000000002 0.03237200000000001
0 0.396394 0.326442 0.035096000000000016 0.09903799999999996
0 0.46995200000000004 0.2977560000000001 0.03365400000000002 0.037820999999999994
0 0.323678 0.25192300000000006 0.04591299999999998 0.147436
0 0.144712 0.5847760000000001 0.03317300000000001 0.041987
0 0.19723599999999997 0.5294869999999999 0.010816999999999993 0.015384999999999982
0 0.7286060000000001 0.990545 0.07211500000000004 0.01826900000000009
0 0.234495 0.27467900000000006 0.010816999999999993 0.08076899999999998
0 0.10528799999999999 0.04855799999999999 0.027403999999999998 0.081731
