0 0.07980999999999999 0.9713879999999999 0.155331 0.027191999999999994
0 0.025429 0.828937 0.047794 0.032061999999999924
0 0.378676 0.817167 0.12622500000000003 0.24066600000000005
0 0.29856000000000005 0.591315 0.08486500000000002 0.15340900000000002
0 0.5015319999999999 0.6623379999999999 0.14644599999999997 0.10633100000000006
0 0.132659 0.37621800000000005 0.095588 0.2605519999999999
0 0.354013 0.20616900000000005 0.04381099999999999 0.10633099999999995
0 0.24417900000000006 0.22504100000000005 0.08149500000000004 0.028003
0 0.510876 0.12784099999999998 0.04258600000000001 0.253247
0 0.524969 0.390625 0.020526999999999962 0.014205000000000023
0 0.5278799999999999 0.50345 0.04901999999999995 0.03125
0 0.714154 0.5604709999999999 0.10048999999999997 0.025162000000000018
0 0.585784 0.8449679999999999 0.17708299999999988 0.04545499999999991
0 0.6410849999999999 0.7581169999999999 0.07260999999999995 0.09090900000000002
0 0.7622549999999999 0.7224030000000001 0.015318999999999972 0.021915999999999936
0 0.839614 0.642451 0.010723000000000038 0.01623400000000008
0 0.878676 0.881291 0.029411999999999994 0.05722400000000005
0 0.6148899999999999 0.29748399999999997 0.017769999999999953 0.021916000000000047
0 0.848192 0.14123400000000003 0.011948999999999987 0.01948099999999997
0 0.844822 0.21530000000000005 0.07383600000000001 0.07183399999999995
0 0.9319850000000001 0.14732099999999998 0.09926500000000005 0.06412300000000004
0 0.93550875 0.397119 0.1289825 0.033684999999999965
0 0.97824775 0.716315 0.043504499999999946 0.022727000000000053
0 0.044884 0.617695 0.089154 0.07142899999999996
0 0.120558 0.06310899999999997 0.23927699999999996 0.12053599999999998
