0 0.715993 0.032062 0.152574 0.063312
0 0.162377 0.054383 0.07352899999999996 0.07792200000000002
0 0.342831 0.20028400000000002 0.03553899999999999 0.264205
0 0.22870699999999994 0.236404 0.03400700000000001 0.016639999999999988
0 0.20174600000000004 0.55276 0.05974299999999999 0.04383099999999995
0 0.507659 0.717938 0.181373 0.23376600000000003
0 0.460631 0.47869300000000004 0.14613999999999994 0.18303599999999998
0 0.774816 0.8222400000000001 0.1274510000000001 0.025162000000000018
0 0.6798409999999999 0.966924 0.053921999999999914 0.05560100000000001
0 0.356464 0.9886360000000001 0.198836 0.022727000000000053
0 0.612439 0.149959 0.20527000000000006 0.15462699999999996
0 0.7711399999999999 0.351258 0.17585799999999996 0.24634699999999998
0 0.017310000000000048 0.452313 0.024202999999999975 0.104302
0 0.49310699999999996 0.234172 0.2202820000000001 0.11526000000000003
0 0.00520824999999997 0.205154 0.01041649999999994 0.013392999999999988
0 0.727482 0.669034 0.06954699999999991 0.13595800000000002
