0 0.491268 0.39529200000000003 0.22334599999999993 0.03409099999999998
0 0.672335 0.4837660000000001 0.14552699999999996 0.13717499999999994
0 0.901808 0.15016225 0.038297000000000025 0.3003245
0 0.788143 0.019277999999999962 0.056679000000000035 0.038555000000000006
0 0.376532 0.25872600000000007 0.160539 0.09212699999999996
0 0.497702 0.712256 0.04810000000000003 0.07223999999999997
0 0.621324 0.690341 0.08578399999999997 0.1144480000000001
0 0.8169419999999998 0.661323 0.22089499999999995 0.05478899999999998
0 0.910846 0.469156 0.10968100000000003 0.13474000000000008
0 0.279565 0.067573 0.12224299999999999 0.135146
0 0.22594999999999998 0.725244 0.045649999999999996 0.03246800000000005
0 0.21369499999999997 0.6412340000000001 0.17064999999999997 0.08116900000000005
0 0.657169 0.28957000000000005 0.00919099999999995 0.08887999999999996
