0 0.860447 0.224026 0.10018400000000005 0.042207999999999996
0 0.5958950000000001 0.449878 0.09436300000000009 0.019886000000000015
0 0.16651300000000002 0.368101 0.146752 0.03165600000000002
0 0.21201000000000003 0.507914 0.11642200000000003 0.033684999999999965
0 0.12408099999999994 0.724838 0.10968100000000003 0.06493499999999996
0 0.621936 0.7146920000000001 0.14644599999999997 0.025162000000000018
0 0.862439 0.61039 0.11090699999999998 0.056006
0 0.535539 0.241477 0.020220999999999933 0.07386400000000004
0 0.37101700000000004 0.11221599999999998 0.05882399999999999 0.159497
0 0.533701 0.133117 0.03370099999999998 0.10308400000000001
0 0.754136 0.3100649999999999 0.018688999999999956 0.09821399999999997
0 0.891085 0.463474 0.022364999999999968 0.10876600000000003
0 0.1024819999999999 0.074067 0.06280600000000003 0.09131499999999998
0 0.555453 0.045049 0.250613 0.041396
0 0.43489599999999995 0.503044 0.055452999999999975 0.14164
0 0.36381699999999995 0.717938 0.11305100000000001 0.09090900000000002
0 0.7522979999999999 0.898539 0.10447299999999993 0.190747
0 0.7602629999999999 0.022524 0.020527000000000073 0.038555
0 0.470588 0.34212700000000007 0.10294099999999995 0.08279200000000003
0 0.9765619999999999 0.444196 0.046261999999999914 0.107549
0 0.24264699999999995 0.9334420000000001 0.15134800000000004 0.03490300000000002
0 0.047335000000000016 0.912541 0.017463000000000006 0.01988599999999996
0 0.010569999999999968 0.727881 0.021139999999999937 0.032062000000000035
0 0.751991 0.6357550000000001 0.071998 0.045049000000000006
0 0.649969 0.009537 0.03890899999999997 0.018263
0 0.847886 0.055398 0.017463000000000006 0.020697999999999994
0 0.712929 0.637175 0.007352999999999943 0.03733799999999998
