0 0.330763 0.5453430000000001 0.01623399999999997 0.01593100000000003
0 0.267248 0.6141240000000001 0.016639999999999988 0.03400700000000001
0 0.12662299999999999 0.719975 0.02516199999999999 0.037376999999999994
0 0.168831 0.744792 0.006494 0.00919099999999995
0 0.157062 0.804075 0.006494 0.021751999999999994
0 0.242086 0.795037 0.029627000000000014 0.006739999999999968
0 0.270292 0.890625 0.16558399999999995 0.042278999999999956
0 0.059253 0.8347119999999999 0.11607099999999998 0.092831
0 0.32914 0.7501529999999998 0.10957800000000001 0.03645799999999999
0 0.581372 0.846354 0.017450999999999994 0.09589499999999995
0 0.837459 0.737898 0.007711000000000023 0.08118899999999996
0 0.8518669999999999 0.735754 0.009739999999999971 0.07383600000000001
0 0.950487 0.826134 0.08441600000000005 0.11672799999999994
0 0.899959 0.448529 0.014205000000000023 0.141544
0 0.727476 0.496936 0.010958000000000023 0.05453399999999997
0 0.850649 0.60049 0.14366900000000005 0.028186000000000044
0 0.506696 0.5893079999999999 0.12946400000000002 0.06219399999999997
0 0.337256 0.43014699999999995 0.15259700000000004 0.06372499999999998
0 0.242492 0.452665 0.032872999999999986 0.17126200000000003
0 0.035713999999999996 0.621783 0.0625 0.008271999999999946
0 0.006899 0.505208 0.012987 0.014706000000000108
0 0.051136 0.53125 0.101461 0.014093000000000022
0 0.049107 0.546262 0.09740299999999999 0.014093000000000022
0 0.080763 0.5660230000000002 0.016234 0.02726700000000004
0 0.060471 0.566023 0.12013000000000001 0.017463000000000006
0 0.10207 0.44133 0.030438000000000007 0.20863999999999994
0 0.05377400000000001 0.38848 0.023945000000000008 0.02328399999999997
0 0.02151 0.41406199999999993 0.016234 0.13388499999999998
0 0.161932 0.296875 0.17857099999999998 0.327206
0 0.06595 0.3036150000000001 0.131088 0.05698500000000001
0 0.15483 0.10432 0.12053600000000003 0.06280599999999997
0 0.516031 0.278186 0.058035999999999976 0.145833
0 0.374188 0.174786 0.16233799999999998 0.190257
0 0.799716 0.11305099999999998 0.05235400000000001 0.05698500000000001
0 0.745739 0.24678300000000003 0.07021100000000002 0.034619999999999984
0 0.922281 0.174479 0.15543799999999997 0.01072300000000001
0 0.859984 0.081342 0.125 0.16207100000000002
0 0.680195 0.6579350000000002 0.02435100000000001 0.029105000000000047
0 0.26319 0.074142 0.017450999999999994 0.009191000000000005
0 0.469562 0.5254290000000001 0.02435100000000001 0.012255000000000016
0 0.625812 0.5147060000000001 0.012175000000000047 0.012255000000000016
