0 0.805913 0.43628200000000006 0.040748000000000006 0.18668800000000002
0 0.946078 0.636364 0.10784300000000002 0.08116900000000005
0 0.909007 0.30763 0.12622500000000003 0.232143
0 0.82644 0.8557219999999999 0.109375 0.08238599999999996
0 0.648284 0.7284899999999999 0.0061269999999999936 0.07873399999999997
0 0.6329659999999999 0.40929400000000005 0.04901999999999995 0.03693200000000002
0 0.030331 0.09659100000000001 0.060049 0.028409000000000004
0 0.248315 0.052963 0.190257 0.027192000000000008
0 0.2956500000000001 0.856331 0.086397 0.193994
0 0.567555 0.877232 0.11489000000000005 0.036931999999999965
0 0.291054 0.53612 0.007966000000000029 0.16152600000000006
0 0.323989 0.563718 0.063419 0.10064899999999999
0 0.561121 0.153206 0.11672800000000005 0.305601
0 0.11335799999999999 0.806412 0.07230399999999998 0.03327900000000006
0 0.33593800000000007 0.291802 0.01868900000000001 0.08603899999999998
0 0.29993899999999996 0.34517 0.053308999999999995 0.020697999999999994
0 0.11780000000000002 0.585227 0.011949000000000001 0.163149
0 0.105392 0.730317 0.03370100000000001 0.090503
0 0.102941 0.252232 0.042279 0.047484000000000026
0 0.052696 0.765625 0.042279 0.01988599999999996
0 0.050858 0.717735 0.03553900000000001 0.014205000000000023
0 0.046875 0.6992689999999999 0.029412 0.01298699999999997
0 0.279718 0.342127 0.558824 0.059253
0 0.89568 0.028612 0.13817400000000002 0.028815000000000004
0 0.084559 0.025162 0.12438700000000001 0.015421999999999998
0 0.15579 0.9293829999999998 0.010110000000000008 0.14123399999999997
0 0.691789 0.9504869999999999 0.014093000000000022 0.03409099999999998
0 0.943168 0.562703 0.021751999999999994 0.035308000000000006
0 0.407169 0.475041 0.018994999999999984 0.010958000000000023
