0 0.16091700000000003 0.524357 0.058036000000000004 0.14613999999999994
0 0.24310100000000004 0.7466300000000001 0.18587700000000001 0.07169100000000006
0 0.517857 0.043352 0.10795500000000002 0.086091
0 0.449269 0.221661 0.09740300000000002 0.13327200000000006
0 0.515016 0.429841 0.023538999999999977 0.16421600000000003
0 0.079545 0.044424 0.012175000000000005 0.088235
0 0.030235000000000005 0.200214 0.02638 0.040748000000000006
0 0.300933 0.372702 0.301542 0.04381099999999999
0 0.744318 0.6138169999999998 0.06331200000000003 0.12224299999999999
0 0.664164 0.7083330000000001 0.142451 0.07843100000000003
0 0.732752 0.44960200000000006 0.11079499999999998 0.04748800000000003
0 0.764002 0.342218 0.040178999999999965 0.053922000000000025
0 0.94622575 0.27665400000000007 0.10754850000000005 0.07352900000000001
0 0.9799107499999999 0.691176 0.040178500000000006 0.041054000000000035
0 0.8118910000000001 0.15471800000000002 0.03287300000000004 0.03370100000000001
0 0.037946 0.5445769999999999 0.075081 0.02849299999999999
0 0.033482 0.432138 0.015828000000000005 0.045036999999999994
0 0.20211 0.940717 0.11607100000000004 0.027880000000000016
0 0.401583 0.5833330000000001 0.067776 0.13664200000000004
