0 0.354320 0.177354 0.217218 0.152597
0 0.644301 0.097808 0.104779 0.075487
0 0.920343 0.237013 0.106005 0.203734
0 0.621017 0.393060 0.177083 0.213880
0 0.734069 0.328734 0.155025 0.140422
0 0.813113 0.657468 0.129289 0.311688
0 0.099112 0.058442 0.197610 0.075487
0 0.083640 0.317979 0.068015 0.107549
0 0.049173 0.707183 0.051777 0.290990
0 0.260570 0.769886 0.099571 0.060065
0 0.462163 0.930601 0.089154 0.138799
0 0.868566 0.941761 0.178309 0.116477
0 0.574908 0.721388 0.045650 0.101055
0 0.580423 0.838271 0.084865 0.323458
0 0.348805 0.419237 0.045037 0.154221
0 0.220282 0.104505 0.031863 0.089692
0 0.568781 0.525771 0.172488 0.126218
0 0.930300 0.216112 0.010723 0.041802
0 0.940717 0.318182 0.022978 0.019481
0 0.368566 0.781656 0.013480 0.016234
0 0.173100 0.586851 0.072917 0.046266
0 0.293964 0.403206 0.140625 0.170049
0 0.067096 0.354911 0.082721 0.036120
0 0.079963 0.273133 0.052083 0.012987
0 0.137102 0.325284 0.170037 0.170049
0 0.938266 0.467330 0.069547 0.032873
0 0.979933 0.575487 0.040135 0.012175
0 0.910539 0.679586 0.028799 0.148133
