0 0.380208 0.266031 0.22610299999999994 0.038555000000000006
0 0.756127 0.611201 0.12745099999999998 0.22646100000000002
0 0.928309 0.4924920000000001 0.09007399999999999 0.2390420000000001
0 0.7627140000000001 0.44723999999999997 0.09221800000000002 0.091721
0 0.6403190000000001 0.277394 0.11397099999999993 0.21875
0 0.693781 0.137175 0.07506099999999993 0.142857
0 0.272518 0.450893 0.18780600000000003 0.03733799999999998
0 0.1086089999999999 0.579951 0.18780600000000003 0.1737010000000001
0 0.08241399999999999 0.357346 0.14277000000000006 0.18465900000000002
0 0.48330300000000004 0.6948049999999999 0.013174000000000019 0.09334399999999998
0 0.8903190000000001 0.877435 0.018994999999999984 0.07467500000000005
0 0.838542 0.936282 0.05208299999999988 0.08360400000000001
0 0.5637249999999999 0.953328 0.18443600000000004 0.065747
0 0.27696099999999996 0.864854 0.016544000000000003 0.04058399999999995
0 0.19607799999999997 0.759131 0.118873 0.17816600000000005
0 0.640625 0.793628 0.044729999999999936 0.086445
0 0.95098 0.112013 0.033088000000000006 0.11201299999999997
0 0.1158090000000001 0.270292 0.231618 0.053571000000000035
0 0.792586 0.054586 0.08027000000000006 0.10836
0 0.48575399999999996 0.2680600000000001 0.034619999999999984 0.029627000000000014
0 0.403033 0.493101 0.013174000000000019 0.012174999999999991
0 0.428156 0.502232 0.015625 0.010958000000000023
0 0.4018080000000001 0.590097 0.005820999999999965 0.015422000000000047
0 0.3420649999999999 0.7337659999999999 0.11979200000000001 0.14042199999999994
0 0.849265 0.874797 0.09129900000000002 0.079951
