0 0.11181 0.143536 0.024756 0.054841000000000015
0 0.37155 0.10815 0.163555 0.03247499999999999
0 0.45393700000000003 0.313113 0.18303600000000003 0.02144600000000002
0 0.20556000000000002 0.407629 0.018263 0.14552699999999996
0 0.256899 0.55193 0.191558 0.10018400000000005
0 0.409903 0.8420650000000001 0.21266199999999996 0.11489000000000005
0 0.455357 0.659467 0.13636399999999999 0.024202999999999975
0 0.6582790000000001 0.683058 0.10551900000000003 0.07873799999999997
0 0.875812 0.01685 0.08847400000000005 0.033088
0 0.8924509999999999 0.306066 0.21509699999999998 0.06495099999999998
0 0.9415579999999999 0.60049 0.11688299999999996 0.03615199999999996
0 0.93831175 0.731771 0.1233765 0.0045960000000000445
0 0.8011359999999998 0.820466 0.06087699999999996 0.061887000000000025
0 0.8265019999999998 0.21032500000000004 0.06209399999999998 0.016238000000000002
0 0.7331570000000001 0.415288 0.05641200000000002 0.127757
0 0.726664 0.751379 0.211445 0.08547800000000005
0 0.722606 0.939185 0.09131500000000004 0.015012000000000025
0 0.7290990000000002 0.498621 0.08401000000000003 0.011336000000000013
0 0.62358 0.503064 0.11810100000000001 0.01899500000000004
0 0.063718 0.015931 0.12662300000000004 0.012868000000000001
0 0.010755 0.229013 0.020698 0.008272000000000002
0 0.009537 0.36243899999999996 0.018263 0.005514999999999992
0 0.662541 0.360907 0.11241900000000005 0.194853
0 0.857955 0.353248 0.035714000000000024 0.008577999999999975
0 0.45616900000000005 0.584406 0.14204500000000003 0.04442400000000002
0 0.587865 0.512102 0.12053599999999998 0.09589500000000001
0 0.770089 0.257966 0.12459399999999998 0.02634800000000001
0 0.590909 0.917279 0.035714000000000024 0.09865199999999996
0 0.5318590000000001 0.943781 0.05641200000000002 0.07567400000000002
0 0.305601 0.721354 0.027596999999999983 0.01807599999999998
