0 0.03894230769230769 0.9664663461538461 0.04583333333333334 0.029086538461538525
0 0.13333333333333333 0.9106971153846154 0.030128205128205132 0.10072115384615388
0 0.2358974358974359 0.7337740384615384 0.2666666666666667 0.10456730769230771
0 0.5258012820512821 0.7868990384615384 0.17147435897435903 0.03581730769230773
0 0.5246794871794872 0.7763221153846154 0.17307692307692313 0.03581730769230762
0 0.413301282051282 0.6935096153846154 0.03173076923076923 0.03173076923076923
0 0.7120192307692308 0.6537259615384615 0.06698717948717947 0.007932692307692335
0 0.36923076923076925 0.6186298076923078 0.03525641025641024 0.04639423076923077
0 0.4921474358974359 0.510576923076923 0.026602564102564008 0.04230769230769227
0 0.8339743589743589 0.7173076923076923 0.03525641025641024 0.10336538461538458
0 0.5679487179487179 0.6430288461538461 0.10769230769230775 0.04230769230769238
0 0.7269230769230769 0.4780048076923077 0.13589743589743586 0.07283653846153837
0 0.10256410256410256 0.6384615384615384 0.0814102564102564 0.07548076923076918
0 0.27387820512820504 0.5290865384615384 0.05993589743589739 0.01586538461538456
0 0.2881410256410257 0.4734375 0.1307692307692308 0.023798076923076894
0 0.26217948717948725 0.4423076923076923 0.13589743589743591 0.02259615384615382
0 0.24567307692307697 0.3323317307692308 0.031730769230769285 0.1338942307692308
0 0.5424679487179487 0.33377403846153847 0.155448717948718 0.078125
0 0.13942307692307693 0.49074519230769237 0.20833333333333331 0.1617788461538462
0 0.45576923076923076 0.35432692307692304 0.028205128205128216 0.16442307692307695
0 0.3145833333333333 0.34435096153846156 0.038782051282051255 0.17620192307692312
0 0.1934294871794872 0.2362980769230769 0.28814102564102567 0.07692307692307693
0 0.3578525641025641 0.2110576923076923 0.1644230769230769 0.29951923076923076
0 0.7112179487179487 0.17475961538461537 0.0724358974358974 0.13653846153846155
0 0.16522435897435897 0.08641826923076923 0.1323717948717949 0.039663461538461536
0 0.09711538461538462 0.04350961538461538 0.08141025641025643 0.08605769230769231
0 0.34983974358974357 0.040865384615384616 0.12019230769230765 0.06490384615384616
0 0.5607371794871795 0.09110576923076923 0.13942307692307687 0.17884615384615385
