0 0.693474 0.099229 0.156556 0.150568
0 0.511795 0.070820 0.098346 0.073458
0 0.931832 0.117086 0.030944 0.104302
0 0.723039 0.277394 0.096814 0.058036
0 0.705270 0.538352 0.045343 0.196834
0 0.953125 0.344156 0.093750 0.109578
0 0.455576 0.594156 0.104779 0.109578
0 0.913143 0.588880 0.040135 0.222403
0 0.630055 0.785106 0.065870 0.165990
0 0.519148 0.913555 0.135723 0.172890
0 0.842831 0.952922 0.036152 0.094156
0 0.889246 0.917005 0.053002 0.150568
0 0.966146 0.950690 0.063419 0.098620
0 0.924786 0.913352 0.043811 0.165990
0 0.729933 0.950690 0.064032 0.041802
0 0.465533 0.326096 0.079350 0.071834
0 0.334099 0.170252 0.123468 0.058036
0 0.344210 0.285106 0.114277 0.151380
0 0.282475 0.094359 0.083946 0.052354
0 0.211703 0.345576 0.129902 0.116477
0 0.373468 0.467735 0.047794 0.181412
0 0.154105 0.515016 0.075368 0.161526
0 0.573836 0.217127 0.042892 0.115260
0 0.059283 0.177760 0.058517 0.087662
0 0.012561 0.614245 0.023284 0.045860
0 0.130055 0.786932 0.099571 0.047078
0 0.588082 0.423295 0.019914 0.015422
0 0.358609 0.903409 0.013174 0.152597
