0 0.539183 0.661538 0.01826899999999998 0.144872
0 0.671394 0.666506 0.024038000000000004 0.28044900000000006
0 0.853005 0.79359 0.27427899999999994 0.11474399999999996
0 0.9693509999999999 0.7035260000000001 0.061297999999999964 0.03205099999999994
0 0.9375 0.587981 0.125 0.04839700000000002
0 0.7311299999999998 0.613462 0.03389399999999998 0.34487199999999996
0 0.7480769999999999 0.579647 0.013461999999999974 0.2951920000000001
0 0.625361 0.28461525 0.41274000000000005 0.5692305
0 0.252404 0.2160260000000001 0.19086499999999998 0.20448699999999997
0 0.635697 0.24102599999999996 0.7286060000000001 0.035255999999999954
0 0.817308 0.34871800000000003 0.2644230000000001 0.018589999999999995
0 0.07488 0.832212 0.149279 0.145833
0 0.184014 0.8190709999999999 0.030529 0.12596200000000002
0 0.237861 0.822276 0.07716299999999998 0.291987
0 0.347356 0.605769 0.13028799999999996 0.29615400000000003
0 0.22295699999999996 0.575321 0.07523999999999997 0.208974
0 0.230048 0.6072120000000001 0.052885000000000015 0.13814099999999996
0 0.42776400000000003 0.97516 0.014183000000000001 0.049038000000000026
0 0.314543 0.9123399999999999 0.09783700000000001 0.07852599999999998
0 0.798197 0.786859 0.01898999999999995 0.04423100000000002
