0 0.5693929999999999 0.74655 0.07077200000000006 0.09618499999999996
0 0.518689 0.776177 0.050244999999999984 0.09293799999999997
0 0.576746 0.621144 0.10079700000000003 0.013392999999999988
0 0.605086 0.636972 0.0520830000000001 0.013392999999999988
0 0.4664519999999999 0.667817 0.02604200000000001 0.015827999999999953
0 0.38756100000000004 0.793222 0.03615199999999996 0.09293799999999997
0 0.258425 0.709821 0.05177699999999996 0.135552
0 0.3535540000000001 0.900568 0.14276999999999995 0.12743499999999996
0 0.325827 0.9646917500000001 0.01685000000000003 0.07061649999999997
0 0.13158700000000007 0.7909900000000001 0.09344399999999997 0.11201300000000003
0 0.5939030000000001 0.957589 0.08854200000000001 0.008522999999999947
0 0.584252 0.908279 0.17402000000000006 0.056818000000000035
