0 0.631010 0.286538 0.089904 0.089744
0 0.523558 0.085577 0.073077 0.051923
0 0.698077 0.028045 0.017308 0.055449
0 0.619712 0.075962 0.039423 0.007051
0 0.942067 0.062981 0.043750 0.123397
0 0.846995 0.022436 0.038702 0.044231
0 0.991346 0.107532 0.017308 0.040705
0 0.861659 0.300801 0.093029 0.045192
0 0.981971 0.308013 0.025481 0.100000
0 0.889062 0.486859 0.014183 0.171154
0 0.776923 0.417308 0.012500 0.069231
0 0.773438 0.715224 0.042548 0.041346
0 0.734014 0.804968 0.075721 0.020833
0 0.914784 0.812981 0.170433 0.014423
0 0.503245 0.464263 0.101202 0.093269
0 0.592788 0.488141 0.013462 0.033333
0 0.707332 0.385577 0.004567 0.015385
0 0.446034 0.435737 0.017067 0.199679
0 0.376803 0.015545 0.020433 0.030449
0 0.419832 0.014423 0.017067 0.026282
0 0.388341 0.107853 0.023317 0.045833
0 0.346995 0.285256 0.015144 0.035256
0 0.348197 0.551122 0.008413 0.022115
0 0.616827 0.661859 0.049038 0.167308
0 0.778365 0.748077 0.022596 0.061538
0 0.842668 0.914103 0.083413 0.171795
0 0.504687 0.873878 0.033894 0.008013
0 0.514423 0.770513 0.097596 0.234615
0 0.359014 0.844872 0.078606 0.078205
0 0.283413 0.980128 0.020192 0.039744
0 0.231490 0.785577 0.113942 0.049359
0 0.157572 0.833173 0.088221 0.176603
0 0.038822 0.724679 0.074279 0.057051
0 0.156010 0.863942 0.005288 0.043269
0 0.907933 0.669391 0.017308 0.261218
0 0.299279 0.590865 0.112500 0.086859
0 0.375481 0.686538 0.106250 0.260256
0 0.081731 0.569551 0.075000 0.107692
0 0.197596 0.565064 0.004808 0.393590
0 0.106010 0.371635 0.044231 0.139423
0 0.303726 0.308173 0.097837 0.017628
0 0.201442 0.081571 0.054808 0.088782
0 0.291587 0.465865 0.019231 0.159936
0 0.353486 0.372756 0.034375 0.182692
0 0.028005 0.314904 0.019952 0.240064
0 0.168870 0.198718 0.246394 0.323718
0 0.092909 0.868910 0.040144 0.028846
