0 0.693429 0.294471 0.613141 0.065865
0 0.585897 0.340505 0.769231 0.642067
0 0.988141 0.376442 0.023718 0.083654
0 0.986699 0.461659 0.016346 0.101202
0 0.983173 0.614183 0.033654 0.183173
0 0.973397 0.678726 0.053205 0.009375
0 0.252083 0.648798 0.034295 0.119712
0 0.164263 0.984976 0.009295 0.030048
0 0.150962 0.813462 0.028846 0.040385
0 0.178846 0.370312 0.008333 0.036298
0 0.267468 0.279928 0.134295 0.009856
0 0.027404 0.144832 0.054167 0.014183
0 0.058654 0.513101 0.073077 0.522837
0 0.172276 0.613221 0.028526 0.017308
