0 0.487981 0.276442 0.318750 0.094551
0 0.375120 0.092949 0.010817 0.184615
0 0.666827 0.773878 0.094231 0.011218
0 0.516827 0.899199 0.327404 0.113782
0 0.447115 0.945833 0.056731 0.010897
0 0.380168 0.862340 0.014183 0.091346
0 0.702284 0.708654 0.093029 0.361538
0 0.975962 0.947436 0.048077 0.016026
0 0.387139 0.849359 0.044952 0.057051
0 0.648197 0.650641 0.210817 0.698718
0 0.609615 0.191026 0.148077 0.021795
0 0.867909 0.273397 0.086298 0.014744
0 0.409495 0.485417 0.023798 0.317628
0 0.483413 0.458494 0.029808 0.150962
0 0.052764 0.348397 0.042548 0.018590
