0 0.659375 0.682692 0.188462 0.485256
0 0.877404 0.472596 0.106731 0.341346
0 0.336538 0.801763 0.153846 0.175321
0 0.011418 0.900160 0.022356 0.045192
0 0.085337 0.657853 0.170192 0.074679
0 0.409495 0.630609 0.139183 0.242628
0 0.513101 0.625160 0.007452 0.014423
0 0.331731 0.120833 0.029808 0.237821
0 0.542788 0.102404 0.027885 0.204167
0 0.675000 0.083974 0.161538 0.165385
0 0.654567 0.196154 0.028846 0.042949
0 0.532813 0.460737 0.142548 0.228526
0 0.437981 0.361058 0.074519 0.121474
0 0.450601 0.436058 0.089183 0.111218
0 0.634615 0.885897 0.060096 0.021795
0 0.722957 0.885417 0.034856 0.073397
0 0.312139 0.242949 0.064183 0.485256
0 0.250601 0.292628 0.190144 0.176282
0 0.226683 0.098397 0.036058 0.196154
0 0.054327 0.202724 0.038462 0.404808
