0 0.672596 0.495192 0.040865 0.060256
0 0.715144 0.359295 0.051442 0.139103
0 0.905048 0.515064 0.022115 0.046154
0 0.942548 0.371955 0.012981 0.100962
0 0.692067 0.070673 0.023558 0.140705
0 0.806731 0.025481 0.037981 0.050321
0 0.815986 0.064744 0.019471 0.035256
0 0.883053 0.742949 0.074279 0.117949
0 0.623558 0.255288 0.013942 0.161859
0 0.550120 0.287500 0.084375 0.064744
0 0.437500 0.304327 0.043750 0.095192
0 0.464423 0.386699 0.009135 0.011859
0 0.555288 0.662179 0.080769 0.125000
0 0.738101 0.870673 0.082933 0.173397
0 0.640745 0.792949 0.106010 0.414103
0 0.770553 0.638141 0.081971 0.025000
0 0.970313 0.792949 0.059375 0.096154
0 0.965625 0.648237 0.034135 0.173397
0 0.958293 0.058013 0.005048 0.054487
0 0.961659 0.116026 0.004567 0.026282
0 0.814904 0.237500 0.090865 0.049359
0 0.990144 0.242949 0.019712 0.069872
0 0.615264 0.475321 0.046875 0.139103
0 0.621154 0.529167 0.019231 0.039103
0 0.633534 0.540224 0.011298 0.045833
0 0.486538 0.623878 0.019231 0.011218
0 0.458774 0.624199 0.027163 0.014423
0 0.422957 0.599199 0.048798 0.025962
0 0.475120 0.646314 0.008413 0.007372
0 0.457692 0.653205 0.022115 0.011538
0 0.425000 0.642788 0.025962 0.058654
0 0.412500 0.731250 0.007212 0.104167
0 0.503125 0.770353 0.007692 0.022115
0 0.472115 0.833013 0.004327 0.008333
0 0.490024 0.786378 0.019471 0.106090
0 0.410096 0.945513 0.026442 0.032051
0 0.396034 0.944712 0.006971 0.031090
0 0.586058 0.045032 0.020673 0.089423
0 0.487620 0.101122 0.060337 0.166346
0 0.390625 0.042788 0.066827 0.084936
0 0.339062 0.175321 0.025721 0.071795
0 0.171034 0.143590 0.044471 0.082692
0 0.168750 0.145353 0.036538 0.066346
0 0.756611 0.810897 0.013702 0.096795
0 0.760337 0.548077 0.007692 0.031410
0 0.692668 0.454808 0.029567 0.028846
0 0.871274 0.108333 0.035817 0.075000
0 0.787620 0.078526 0.031010 0.052564
0 0.387740 0.381571 0.046635 0.016987
0 0.350361 0.450481 0.051683 0.020833
0 0.331010 0.519231 0.025481 0.042308
0 0.357933 0.551603 0.032212 0.084615
0 0.410817 0.531731 0.008173 0.012821
0 0.406611 0.497917 0.022356 0.134936
0 0.253245 0.362821 0.035817 0.069872
0 0.204087 0.346635 0.035577 0.098397
0 0.216346 0.230769 0.012981 0.093590
0 0.285096 0.280288 0.050000 0.280449
0 0.381971 0.457051 0.015385 0.009615
0 0.147476 0.526603 0.064183 0.028846
0 0.235577 0.514744 0.016827 0.054487
0 0.087620 0.610256 0.007933 0.048718
0 0.165625 0.660256 0.012500 0.105769
0 0.085216 0.815224 0.028606 0.031090
0 0.285817 0.914904 0.052885 0.083013
0 0.239063 0.727724 0.184856 0.296474
0 0.128846 0.959776 0.036538 0.080449
0 0.200361 0.986699 0.009856 0.026603
0 0.009856 0.533974 0.019231 0.035897
0 0.085096 0.539103 0.046154 0.028205
0 0.129087 0.321154 0.045192 0.048077
0 0.153726 0.422276 0.006490 0.037500
