0 0.432692 0.931090 0.025000 0.051282
0 0.777644 0.939423 0.087981 0.012179
0 0.389784 0.090224 0.044952 0.011859
0 0.430649 0.071795 0.022356 0.026282
0 0.838822 0.939904 0.029087 0.004808
0 0.881010 0.942147 0.043269 0.006731
0 0.934255 0.941346 0.040144 0.007051
0 0.532692 0.939583 0.122596 0.008013
0 0.670433 0.940064 0.054808 0.009615
0 0.321755 0.902885 0.005048 0.017949
0 0.367668 0.936538 0.154087 0.007692
0 0.402644 0.994231 0.007212 0.011538
0 0.176923 0.934455 0.032692 0.006731
0 0.216466 0.934936 0.020433 0.003846
0 0.262019 0.935096 0.033173 0.007372
0 0.114303 0.934615 0.058894 0.006410
0 0.026923 0.929167 0.031731 0.005769
0 0.098918 0.921795 0.026683 0.011538
