0 0.028726 0.160256 0.056971 0.047436
0 0.081731 0.136538 0.036058 0.019231
0 0.155288 0.203686 0.051923 0.022115
0 0.045312 0.398237 0.033894 0.013782
0 0.200240 0.342949 0.118750 0.185256
0 0.385337 0.958333 0.130769 0.072436
0 0.286538 0.723077 0.330769 0.237179
0 0.398197 0.397436 0.323798 0.221795
0 0.454087 0.307212 0.441346 0.078526
0 0.446875 0.343590 0.026923 0.215385
0 0.706250 0.706250 0.125000 0.245833
0 0.741827 0.564103 0.267308 0.030769
0 0.545673 0.180769 0.122115 0.323077
0 0.298197 0.073718 0.042067 0.146154
0 0.702524 0.208654 0.198317 0.061538
0 0.915385 0.116827 0.169231 0.215064
0 0.901082 0.260256 0.022837 0.186538
0 0.751202 0.350962 0.327885 0.097436
0 0.937500 0.263942 0.009135 0.109295
0 0.473197 0.492628 0.097356 0.105128
0 0.564183 0.517949 0.027404 0.074359
0 0.489543 0.441506 0.080048 0.079808
0 0.554808 0.460096 0.051442 0.019551
0 0.556370 0.448878 0.042548 0.060577
0 0.634014 0.487500 0.024760 0.040385
0 0.611538 0.510577 0.032692 0.020513
0 0.606971 0.678846 0.083654 0.049359
0 0.625361 0.714263 0.015144 0.011218
0 0.595313 0.666346 0.021394 0.019872
0 0.675841 0.924519 0.052644 0.035577
0 0.854207 0.871795 0.033894 0.008974
0 0.744351 0.814904 0.117548 0.083013
0 0.975841 0.953045 0.027163 0.093910
0 0.903966 0.948237 0.192067 0.103526
0 0.956250 0.928365 0.087500 0.052244
0 0.403365 0.603205 0.218269 0.247436
0 0.982452 0.629006 0.035096 0.030449
0 0.679327 0.816026 0.045673 0.022436
