0 0.342308 0.103526 0.025000 0.175000
0 0.608173 0.172436 0.159615 0.015385
0 0.514183 0.270192 0.423558 0.150641
0 0.402163 0.560577 0.031250 0.598077
0 0.363582 0.915064 0.011779 0.053846
0 0.392548 0.888301 0.038942 0.066987
0 0.385216 0.911859 0.006971 0.082051
0 0.410938 0.983814 0.052163 0.020192
0 0.562740 0.929647 0.264423 0.127244
0 0.685457 0.791026 0.100721 0.012821
0 0.563822 0.660417 0.005529 0.024679
0 0.710577 0.681891 0.014423 0.033654
0 0.719351 0.712019 0.084375 0.395833
0 0.662620 0.640545 0.193990 0.718910
0 0.879928 0.240064 0.097356 0.011538
