0 0.085096 0.126923 0.045192 0.080769
0 0.037500 0.102724 0.063462 0.079808
0 0.032813 0.279167 0.065144 0.008333
0 0.053966 0.243910 0.107452 0.035256
0 0.047957 0.235737 0.055529 0.011218
0 0.070433 0.420673 0.140385 0.106731
0 0.169231 0.158974 0.016346 0.271154
0 0.197236 0.132853 0.032452 0.074038
0 0.230288 0.175481 0.026442 0.025321
0 0.255649 0.275000 0.020913 0.064744
0 0.228365 0.222596 0.124038 0.113782
0 0.305048 0.062179 0.045673 0.119231
0 0.427163 0.067468 0.067788 0.120833
0 0.413702 0.126603 0.075481 0.096795
0 0.607212 0.012821 0.011538 0.025000
0 0.587139 0.054487 0.163221 0.031410
0 0.611298 0.079647 0.032212 0.037500
0 0.548798 0.153045 0.098558 0.058654
0 0.574159 0.119712 0.055529 0.038141
0 0.024399 0.676923 0.048317 0.014103
0 0.084736 0.662981 0.029087 0.164423
0 0.224279 0.475641 0.059615 0.105769
0 0.968510 0.063301 0.062981 0.070192
0 0.964543 0.288462 0.070913 0.033333
0 0.753245 0.258654 0.066587 0.067308
0 0.678966 0.224359 0.236779 0.312821
0 0.871995 0.608173 0.029087 0.137500
0 0.822716 0.871795 0.069471 0.022436
0 0.625601 0.797115 0.058894 0.115385
0 0.535457 0.988782 0.050721 0.014744
0 0.939423 0.798878 0.025481 0.010577
0 0.938822 0.946795 0.039663 0.106410
0 0.861538 0.982051 0.023558 0.035897
0 0.649159 0.594391 0.031010 0.021474
0 0.760457 0.655449 0.031490 0.090385
0 0.494952 0.642147 0.062019 0.134295
0 0.513942 0.565545 0.140385 0.023397
0 0.738221 0.488141 0.031731 0.025000
0 0.815865 0.457692 0.055288 0.049359
0 0.828726 0.440064 0.077163 0.087821
0 0.703846 0.731571 0.020192 0.011859
0 0.358654 0.794391 0.117788 0.055449
0 0.034135 0.113141 0.059135 0.080128
0 0.157452 0.356410 0.021635 0.011538
0 0.097115 0.575641 0.005288 0.014744
0 0.330649 0.986058 0.016587 0.027885
0 0.278005 0.667308 0.166587 0.132692
0 0.492668 0.381571 0.114663 0.025321
0 0.514543 0.452885 0.180529 0.037179
0 0.661178 0.405769 0.009375 0.051923
0 0.611178 0.442147 0.018029 0.016987
0 0.611899 0.449519 0.012740 0.043269
0 0.618149 0.395192 0.004567 0.060256
0 0.585817 0.394551 0.017308 0.125000
0 0.335938 0.489103 0.181010 0.139744
0 0.404928 0.342788 0.062260 0.239423
0 0.622596 0.761859 0.217788 0.114103
0 0.481731 0.755449 0.026923 0.023718
0 0.575721 0.723397 0.019231 0.004487
0 0.447236 0.642949 0.019471 0.021795
0 0.440986 0.629327 0.004567 0.006731
0 0.559976 0.608974 0.009375 0.005769
0 0.433053 0.528686 0.029567 0.021474
0 0.446394 0.517949 0.007212 0.025641
0 0.404567 0.520833 0.010577 0.008333
0 0.370192 0.557532 0.045673 0.047756
