0 0.585697 0.586378 0.058413 0.068269
0 0.679447 0.252404 0.061779 0.165705
0 0.608053 0.322917 0.042548 0.114423
0 0.420793 0.562500 0.049760 0.031410
0 0.588942 0.735256 0.028846 0.008333
0 0.528606 0.788462 0.016827 0.072436
0 0.697115 0.623878 0.012500 0.030449
0 0.754808 0.724679 0.016346 0.035256
0 0.806130 0.649840 0.030529 0.011859
0 0.802524 0.600962 0.058894 0.024359
0 0.820553 0.578045 0.060817 0.020833
0 0.817788 0.581250 0.067788 0.020833
0 0.726683 0.506410 0.025962 0.177564
0 0.828966 0.476603 0.020433 0.117949
0 0.654447 0.734295 0.046394 0.039744
0 0.781010 0.828205 0.055288 0.091667
0 0.500120 0.282372 0.030048 0.033333
0 0.697957 0.076282 0.081971 0.024359
0 0.611178 0.737981 0.055529 0.522756
0 0.879687 0.622596 0.106490 0.152885
0 0.885938 0.750481 0.030048 0.058654
0 0.886298 0.251603 0.056250 0.021154
0 0.783293 0.204327 0.042067 0.044551
0 0.768990 0.518590 0.014423 0.021154
0 0.685096 0.474199 0.058654 0.053526
0 0.186298 0.122115 0.023558 0.033974
0 0.292308 0.016987 0.103846 0.033333
0 0.295673 0.708333 0.058654 0.023718
0 0.029567 0.786378 0.058654 0.045833
0 0.055889 0.911378 0.045433 0.072756
0 0.031130 0.393429 0.061779 0.109295
0 0.117067 0.430929 0.026442 0.016987
0 0.092067 0.430609 0.014904 0.011218
0 0.152163 0.462660 0.045192 0.027885
0 0.268750 0.213622 0.023077 0.030449
0 0.149279 0.014904 0.039423 0.029167
0 0.318630 0.164583 0.017548 0.074038
0 0.390264 0.080769 0.018510 0.051923
0 0.490385 0.089583 0.030288 0.068269
0 0.956250 0.548558 0.030769 0.100962
0 0.975120 0.410737 0.049760 0.077244
0 0.990264 0.292308 0.019471 0.020513
0 0.939303 0.171635 0.121394 0.027885
0 0.980409 0.092628 0.038702 0.042949
