0 0.795553 0.172436 0.062260 0.045513
0 0.591707 0.326282 0.049279 0.083974
0 0.656611 0.498718 0.032452 0.023718
0 0.836178 0.592147 0.049279 0.146474
0 0.645072 0.883333 0.038702 0.023718
0 0.341466 0.738462 0.057933 0.115385
0 0.056971 0.701282 0.006731 0.014103
0 0.340144 0.485096 0.015385 0.011218
0 0.394591 0.476603 0.031490 0.034615
0 0.212861 0.292468 0.036298 0.045833
0 0.371875 0.135577 0.011058 0.025641
0 0.377163 0.072436 0.015385 0.043590
0 0.602885 0.010897 0.015865 0.021154
0 0.927885 0.302724 0.025481 0.011218
0 0.434255 0.468910 0.018029 0.016026
