0 0.840625 0.632031 0.08125 0.0171875 0.128601
0 0.782812 0.340625 0.146875 0.1625 0.156203
0 0.692969 0.516406 0.0484375 0.0390625 0.20429
0 0.689844 0.545313 0.0703125 0.059375 0.267971
0 0.724219 0.6875 0.114063 0.0875 0.283983
0 0.751562 0.420312 0.1125 0.03125 0.381437
0 0.689062 0.563281 0.075 0.0421875 0.557878
0 0.539062 0.439844 0.29375 0.0546875 0.622796
0 0.446875 0.771094 0.234375 0.0671875 0.808411
0 0.549219 0.576563 0.145313 0.05 0.83168
0 0.757812 0.271094 0.1 0.0390625 0.863033
0 0.467969 0.258594 0.276563 0.120312 0.894975
