0 0.451562 0.557813 0.078125 0.046875 0.100739
0 0.329688 0.9625 0.084375 0.071875 0.101213
0 0.953125 0.935938 0.090625 0.034375 0.122879
0 0.21875 0.178906 0.009375 0.198437 0.12404
0 0.895312 0.817969 0.121875 0.0203125 0.165676
0 0.93125 0.929688 0.10625 0.028125 0.198782
0 0.830469 0.401563 0.198437 0.215625 0.260573
0 0.367969 0.959375 0.0890625 0.06875 0.305815
0 0.632812 0.138281 0.1625 0.248437 0.392648
0 0.0453125 0.429688 0.090625 0.04375 0.42843
0 0.335156 0.9375 0.0171875 0.0125 0.436764
0 0.915625 0.853125 0.121875 0.021875 0.438003
0 0.889844 0.807813 0.132812 0.01875 0.474304
0 0.674219 0.905469 0.0328125 0.0109375 0.594545
0 0.165625 0.357031 0.11875 0.0234375 0.750416
0 0.796875 0.839063 0.0875 0.1125 0.788582
0 0.425 0.326562 0.228125 0.040625 0.864956
0 0.203125 0.469531 0.1625 0.189063 0.897317
