0 0.00546875 0.824219 0.0078125 0.0140625 0.110388
0 0.916406 0.626562 0.0078125 0.05 0.110857
0 0.527344 0.985156 0.0265625 0.0296875 0.150283
0 0.473437 0.532812 0.04375 0.021875 0.279592
0 0.691406 0.842969 0.0109375 0.110937 0.286318
0 0.321875 0.785156 0.115625 0.114063 0.622564
0 0.0265625 0.917188 0.053125 0.1375 0.722794
0 0.919531 0.453125 0.0140625 0.1625 0.724026
0 0.919531 0.314844 0.0171875 0.335938 0.813647
0 0.178906 0.204688 0.160938 0.025 0.845647
0 0.302344 0.535156 0.0453125 0.126563 0.85889
0 0.675781 0.107031 0.154687 0.210938 0.873667
0 0.592969 0.792188 0.0921875 0.0875 0.941076
