0 0.0390625 0.528125 0.078125 0.053125 0.101291
0 0.3125 0.778125 0.053125 0.084375 0.105272
0 0.880469 0.592969 0.0328125 0.123438 0.108577
0 0.30625 0.545313 0.028125 0.01875 0.119334
0 0.653125 0.489844 0.009375 0.0171875 0.13134
0 0.515625 0.423438 0.153125 0.021875 0.13491
0 0.196875 0.824219 0.009375 0.0171875 0.135252
0 0.124219 0.24375 0.135937 0.028125 0.146621
0 0.180469 0.358594 0.132812 0.0828125 0.162311
0 0.370313 0.582031 0.1 0.157813 0.189381
0 0.978906 0.928125 0.0421875 0.025 0.191823
0 0.132031 0.971875 0.104687 0.05625 0.192336
0 0.05 0.16875 0.09375 0.040625 0.201651
0 0.210938 0.378906 0.203125 0.117188 0.223432
0 0.110937 0.536719 0.196875 0.0203125 0.248017
0 0.142188 0.472656 0.21875 0.0171875 0.264338
0 0.21875 0.0492188 0.0875 0.0109375 0.303326
0 0.317187 0.721875 0.01875 0.109375 0.33726
0 0.692187 0.939062 0.00625 0.021875 0.374019
0 0.296094 0.838281 0.107813 0.120312 0.397786
0 0.314063 0.7625 0.0375 0.05 0.432262
0 0.0898438 0.245312 0.170312 0.040625 0.434976
0 0.882812 0.797656 0.221875 0.210938 0.488052
0 0.0289063 0.489844 0.0578125 0.129688 0.522238
0 0.270312 0.423438 0.125 0.078125 0.526638
0 0.873438 0.509375 0.028125 0.1625 0.608922
0 0.0984375 0.695312 0.0125 0.096875 0.660458
0 0.394531 0.171094 0.0671875 0.0828125 0.737929
0 0.425781 0.471875 0.154687 0.034375 0.746065
0 0.960938 0.528125 0.078125 0.125 0.773723
0 0.86875 0.639063 0.075 0.015625 0.781822
0 0.655469 0.5875 0.0984375 0.09375 0.845904
0 0.796875 0.1 0.15625 0.075 0.875051
0 0.517969 0.883594 0.0421875 0.154687 0.875145
0 0.838281 0.238281 0.323438 0.107813 0.904256
0 0.0625 0.84375 0.125 0.09375 0.911433
0 0.202344 0.771094 0.139062 0.0984375 0.943394
0 0.834375 0.9 0.090625 0.14375 0.954944
0 0.602344 0.332031 0.114063 0.120312 0.955522
