0 0.85625 0.772656 0.25 0.148438 0.110297
0 0.347656 0.28125 0.192188 0.090625 0.160715
0 0.0867188 0.220313 0.173438 0.1125 0.18105
0 0.440625 0.667969 0.040625 0.0203125 0.264723
0 0.1875 0.322656 0.1 0.0703125 0.341553
0 0.592969 0.426562 0.148438 0.0125 0.44897
0 0.488281 0.945312 0.260938 0.021875 0.459808
0 0.215625 0.328125 0.16875 0.034375 0.584026
0 0.872656 0.849219 0.132812 0.0359375 0.591073
0 0.175781 0.320312 0.0453125 0.078125 0.610686
0 0.425 0.521094 0.034375 0.298438 0.629288
0 0.496875 0.783594 0.01875 0.176563 0.633347
0 0.478906 0.479688 0.0890625 0.01875 0.670474
0 0.923437 0.575781 0.15 0.154687 0.695153
0 0.527344 0.560938 0.0515625 0.059375 0.749394
0 0.0195312 0.621875 0.0390625 0.071875 0.760867
0 0.507812 0.439063 0.05 0.13125 0.787313
0 0.221875 0.182812 0.096875 0.025 0.841589
0 0.167187 0.871875 0.028125 0.128125 0.868407
0 0.672656 0.134375 0.0734375 0.18125 0.880797
0 0.715625 0.425781 0.040625 0.0390625 0.882227
0 0.285156 0.410156 0.0390625 0.0890625 0.891303
0 0.341406 0.457031 0.0609375 0.145313 0.936459
