0 0.728906 0.985937 0.0953125 0.028125 0.101587
0 0.107031 0.901563 0.0109375 0.078125 0.106371
0 0.873438 0.760938 0.00625 0.021875 0.108524
0 0.119531 0.599219 0.0203125 0.0609375 0.117945
0 0.453125 0.960156 0.015625 0.0578125 0.120135
0 0.892969 0.964844 0.0296875 0.0671875 0.133024
0 0.500781 0.682031 0.0140625 0.0578125 0.137147
0 0.214062 0.115625 0.265625 0.015625 0.142384
0 0.872656 0.639844 0.126563 0.173438 0.143599
0 0.517969 0.675 0.0515625 0.1375 0.181994
0 0.338281 0.369531 0.0078125 0.0078125 0.200308
0 0.126563 0.603906 0.021875 0.0515625 0.246075
0 0.889844 0.960938 0.0109375 0.06875 0.324083
0 0.886719 0.957812 0.0671875 0.084375 0.326872
0 0.760156 0.589844 0.0078125 0.0140625 0.338098
0 0.871094 0.944531 0.0328125 0.107813 0.339444
0 0.458594 0.01875 0.0109375 0.0375 0.346159
0 0.396094 0.402344 0.0140625 0.0140625 0.346974
0 0.363281 0.5875 0.0453125 0.284375 0.348306
0 0.7125 0.696875 0.00625 0.0125 0.395325
0 0.611719 0.522656 0.0265625 0.126563 0.437267
0 0.304688 0.939062 0.0125 0.021875 0.47094
0 0.413281 0.208594 0.0171875 0.0453125 0.497113
0 0.665625 0.116406 0.0375 0.232812 0.555387
0 0.757031 0.126563 0.157813 0.0125 0.572288
0 0.107813 0.601562 0.0125 0.059375 0.633331
0 0.48125 0.682813 0.009375 0.021875 0.637373
0 0.561719 0.933594 0.0109375 0.129688 0.665724
0 0.5375 0.675781 0.040625 0.135937 0.703295
0 0.292969 0.569531 0.0109375 0.117188 0.712195
0 0.634375 0.70625 0.053125 0.178125 0.74151
0 0.295312 0.964063 0.04375 0.071875 0.763252
0 0.676562 0.930469 0.05625 0.135937 0.801299
0 0.0421875 0.713281 0.084375 0.145313 0.820058
0 0.0476562 0.283594 0.0265625 0.217187 0.866036
0 0.439844 0.163281 0.217187 0.157813 0.868142
0 0.36875 0.654688 0.046875 0.128125 0.879387
0 0.897656 0.358594 0.204688 0.170312 0.899148
0 0.0882813 0.891406 0.0859375 0.0765625 0.900757
0 0.7 0.867969 0.0625 0.142188 0.906784
0 0.29375 0.359375 0.040625 0.134375 0.917175
0 0.844531 0.721875 0.160938 0.334375 0.918168
0 0.296094 0.757031 0.0921875 0.154687 0.922327
