0 0.15625 0.871875 0.015625 0.053125 0.101331
0 0.192969 0.821875 0.257812 0.028125 0.10755
0 0.963281 0.734375 0.0734375 0.071875 0.130467
0 0.271875 0.669531 0.009375 0.126563 0.130961
0 0.299219 0.717969 0.0109375 0.0171875 0.134204
0 0.178906 0.864844 0.126563 0.0546875 0.146084
0 0.958594 0.702344 0.0828125 0.0421875 0.168498
0 0.686719 0.742969 0.0546875 0.0296875 0.174361
0 0.183594 0.275 0.157813 0.021875 0.180679
0 0.260938 0.928906 0.0125 0.0828125 0.205667
0 0.203125 0.847656 0.20625 0.0546875 0.207786
0 0.351562 0.880469 0.0125 0.0765625 0.240131
0 0.860156 0.992969 0.157813 0.0140625 0.259003
0 0.705469 0.738281 0.0578125 0.110937 0.260827
0 0.283594 0.878906 0.0359375 0.0703125 0.263066
0 0.239063 0.447656 0.375 0.0234375 0.331645
0 0.228906 0.652344 0.0359375 0.0078125 0.332811
0 0.845312 0.748438 0.075 0.034375 0.358541
0 0.0632813 0.885156 0.123438 0.0203125 0.399829
0 0.591406 0.697656 0.0671875 0.0734375 0.402965
0 0.50625 0.241406 0.09375 0.120312 0.437752
0 0.152344 0.864062 0.0453125 0.05625 0.476332
0 0.0132813 0.555469 0.0265625 0.0171875 0.481241
0 0.328906 0.601562 0.192188 0.115625 0.499077
0 0.053125 0.816406 0.103125 0.0265625 0.50964
0 0.117969 0.821875 0.126563 0.01875 0.514277
0 0.34375 0.771875 0.134375 0.028125 0.514733
0 0.196094 0.524219 0.126563 0.0171875 0.517034
0 0.285156 0.908594 0.0171875 0.0484375 0.609978
0 0.103906 0.339063 0.101562 0.05625 0.65631
0 0.84375 0.891406 0.103125 0.0390625 0.660062
0 0.967969 0.760156 0.0640625 0.0671875 0.662126
0 0.146094 0.228906 0.0796875 0.0890625 0.693333
0 0.710156 0.764063 0.117188 0.084375 0.748714
0 0.260156 0.498437 0.0703125 0.05625 0.790049
0 0.101562 0.233594 0.19375 0.0796875 0.804809
0 0.700781 0.715625 0.0390625 0.0625 0.830081
0 0.548437 0.867969 0.15625 0.101562 0.83221
0 0.905469 0.798437 0.185937 0.0875 0.839165
0 0.426562 0.885938 0.025 0.1625 0.84606
0 0.778906 0.240625 0.104687 0.03125 0.860811
0 0.576563 0.491406 0.025 0.176563 0.865694
0 0.429688 0.332031 0.096875 0.0640625 0.876304
0 0.278906 0.860937 0.0578125 0.05 0.881391
0 0.191406 0.703906 0.123438 0.0671875 0.932141
