0 0.676562 0.465625 0.140625 0.13125 0.102532
0 0.978125 0.246875 0.040625 0.109375 0.107709
0 0.7625 0.854688 0.05 0.034375 0.112792
0 0.351562 0.933594 0.015625 0.0171875 0.114565
0 0.378125 0.0632813 0.015625 0.123438 0.114645
0 0.782031 0.323438 0.0140625 0.009375 0.141309
0 0.982031 0.98125 0.0328125 0.028125 0.141542
0 0.425 0.332812 0.028125 0.0125 0.16176
0 0.894531 0.665625 0.192188 0.19375 0.162456
0 0.682813 0.782031 0.040625 0.0140625 0.178188
0 0.120312 0.359375 0.084375 0.015625 0.211005
0 0.165625 0.382031 0.165625 0.0140625 0.221425
0 0.696094 0.519531 0.0328125 0.0109375 0.230589
0 0.3 0.857031 0.034375 0.0421875 0.243294
0 0.217969 0.835156 0.129688 0.0484375 0.251533
0 0.833594 0.814062 0.0109375 0.0125 0.257147
0 0.585938 0.3375 0.090625 0.171875 0.27019
0 0.1625 0.819531 0.021875 0.151562 0.275854
0 0.117188 0.573438 0.009375 0.0375 0.339578
0 0.979688 0.328125 0.040625 0.275 0.385411
0 0.696875 0.990625 0.1 0.01875 0.439365
0 0.813281 0.696094 0.0828125 0.0171875 0.451944
0 0.0203125 0.784375 0.040625 0.015625 0.452599
0 0.100781 0.0773437 0.0171875 0.142188 0.555154
0 0.174219 0.779688 0.0515625 0.015625 0.571155
0 0.980469 0.44375 0.0390625 0.1125 0.595456
0 0.301562 0.726562 0.115625 0.178125 0.651256
0 0.782031 0.842188 0.0328125 0.0125 0.679943
0 0.0914062 0.585156 0.182812 0.0265625 0.735852
0 0.74375 0.85 0.01875 0.03125 0.742894
0 0.636719 0.5125 0.207813 0.21875 0.802539
0 0.529688 0.769531 0.0375 0.0109375 0.813717
0 0.175781 0.258594 0.0734375 0.0515625 0.848623
0 0.347656 0.844531 0.0453125 0.0828125 0.871214
0 0.609375 0.3125 0.184375 0.2 0.874467
0 0.8375 0.928125 0.15 0.0875 0.892233
0 0.353125 0.654688 0.165625 0.128125 0.924846
