0 0.696875 0.729688 0.01875 0.071875 0.122192
0 0.290625 0.833594 0.0375 0.0296875 0.15513
0 0.316406 0.582812 0.0265625 0.303125 0.183773
0 0.0226563 0.530469 0.0421875 0.0109375 0.18668
0 0.657031 0.664844 0.0265625 0.179688 0.186914
0 0.889844 0.258594 0.0078125 0.0203125 0.253767
0 0.189063 0.142969 0.009375 0.0140625 0.26342
0 0.805469 0.247656 0.110937 0.0109375 0.278458
0 0.64375 0.667969 0.034375 0.173438 0.331666
0 0.0851562 0.586719 0.0078125 0.0203125 0.338804
0 0.0132813 0.257812 0.0265625 0.146875 0.35295
0 0.310937 0.627344 0.025 0.157813 0.373357
0 0.814844 0.942969 0.0515625 0.114063 0.40947
0 0.0796875 0.53125 0.00625 0.015625 0.482346
0 0.775781 0.948438 0.0078125 0.01875 0.511351
0 0.632812 0.0226563 0.034375 0.0453125 0.526717
0 0.0234375 0.324219 0.046875 0.151562 0.558774
0 0.0609375 0.078125 0.04375 0.140625 0.600686
0 0.0617188 0.411719 0.0734375 0.148438 0.612649
0 0.0796875 0.483594 0.009375 0.0265625 0.640099
0 0.1625 0.502344 0.05 0.0109375 0.653469
0 0.553906 0.3 0.0578125 0.1 0.695331
0 0.98125 0.927344 0.0375 0.101562 0.733726
0 0.434375 0.0195312 0.059375 0.0390625 0.735665
0 0.502344 0.670313 0.110937 0.034375 0.776477
0 0.730469 0.0882813 0.114063 0.0453125 0.817956
0 0.148438 0.716406 0.284375 0.235938 0.831046
0 0.150781 0.959375 0.0703125 0.08125 0.843737
0 0.0351562 0.145313 0.0703125 0.103125 0.854236
0 0.960938 0.376563 0.078125 0.21875 0.878837
0 0.61875 0.435937 0.021875 0.14375 0.885365
0 0.128125 0.535937 0.06875 0.14375 0.889139
0 0.377344 0.651563 0.126563 0.290625 0.923934
0 0.623438 0.849219 0.221875 0.151562 0.936942
0 0.360938 0.221094 0.10625 0.151562 0.943678
