0 0.688281 0.2125 0.235938 0.11875 0.139169
0 0.757031 0.182031 0.0328125 0.135937 0.220861
0 0.784375 0.215625 0.028125 0.13125 0.250489
0 0.25625 0.13125 0.021875 0.009375 0.253336
0 0.989844 0.765625 0.0203125 0.025 0.333978
0 0.178125 0.00546875 0.046875 0.0109375 0.476238
0 0.471875 0.214844 0.015625 0.185937 0.550112
0 0.84375 0.200781 0.015625 0.0640625 0.618817
0 0.310156 0.0164062 0.0921875 0.0328125 0.648681
0 0.1125 0.028125 0.0875 0.009375 0.688098
0 0.964063 0.651563 0.025 0.071875 0.733369
0 0.767969 0.190625 0.0703125 0.153125 0.750501
0 0.821875 0.425781 0.040625 0.0265625 0.755421
0 0.667188 0.235938 0.228125 0.04375 0.779976
0 0.654688 0.382812 0.16875 0.01875 0.843505
0 0.938281 0.30625 0.0390625 0.0375 0.848964
0 0.960156 0.0382813 0.0796875 0.0765625 0.88016
0 0.1625 0.433594 0.034375 0.189063 0.881122
0 0.180469 0.864844 0.167187 0.148438 0.887664
0 0.373437 0.06875 0.034375 0.128125 0.892182
0 0.6375 0.1625 0.134375 0.0375 0.905198
0 0.811719 0.0820312 0.185937 0.164062 0.909363
0 0.957031 0.509375 0.0453125 0.10625 0.914196
0 0.460156 0.621094 0.135937 0.0859375 0.926546
0 0.497656 0.275 0.317187 0.153125 0.936721
0 0.535156 0.122656 0.0734375 0.235938 0.940186
0 0.779688 0.65625 0.08125 0.1375 0.94843
0 0.321875 0.249219 0.065625 0.107813 0.954813
0 0.628906 0.459375 0.0796875 0.146875 0.955202
0 0.154687 0.18125 0.1625 0.109375 0.955896
0 0.373437 0.467187 0.19375 0.134375 0.95885
