0 0.386719 0.78125 0.110937 0.084375 0.129803
0 0.350781 0.335156 0.0203125 0.0265625 0.14967
0 0.786719 0.924219 0.0828125 0.151562 0.166844
0 0.325781 0.932031 0.0515625 0.135937 0.175125
0 0.684375 0.434375 0.0125 0.071875 0.1854
0 0.492188 0.944531 0.059375 0.101562 0.20772
0 0.34375 0.346875 0.025 0.0375 0.350301
0 0.3125 0.365625 0.015625 0.021875 0.36214
0 0.525781 0.498437 0.0328125 0.05625 0.398342
0 0.594531 0.966406 0.142188 0.0671875 0.516939
0 0.263281 0.721094 0.0109375 0.0171875 0.593077
0 0.529688 0.403125 0.0125 0.01875 0.648066
0 0.352344 0.950781 0.0265625 0.0984375 0.666223
0 0.640625 0.614844 0.015625 0.0203125 0.744699
0 0.299219 0.930469 0.0265625 0.139062 0.765295
0 0.685938 0.420312 0.009375 0.03125 0.795305
0 0.671875 0.78125 0.025 0.153125 0.830862
0 0.45625 0.583594 0.025 0.0453125 0.834708
0 0.965625 0.944531 0.06875 0.0953125 0.85835
0 0.95 0.616406 0.1 0.0640625 0.871188
0 0.584375 0.322656 0.034375 0.0421875 0.880076
0 0.534375 0.483594 0.05 0.0890625 0.883955
0 0.395312 0.678906 0.040625 0.0515625 0.904078
0 0.775 0.857813 0.09375 0.284375 0.914248
0 0.899219 0.189063 0.198437 0.046875 0.917757
0 0.385938 0.759375 0.071875 0.08125 0.932599
0 0.828125 0.658594 0.0875 0.279687 0.941014
0 0.371094 0.804688 0.160938 0.1125 0.949008
0 0.509375 0.678906 0.075 0.242188 0.95654
