0 0.790625 0.228125 0.328125 0.046875 0.11535
0 0.74375 0.263281 0.01875 0.132812 0.12028
0 0.752344 0.264844 0.0390625 0.148438 0.136112
0 0.853125 0.675781 0.01875 0.0078125 0.378621
0 0.674219 0.297656 0.107813 0.132812 0.390924
0 0.860937 0.0273438 0.278125 0.0390625 0.414081
0 0.433594 0.00625 0.0671875 0.0125 0.434891
0 0.89375 0.43125 0.015625 0.00625 0.450729
0 0.375 0.028125 0.090625 0.009375 0.603854
0 0.628125 0.975 0.01875 0.05 0.635711
0 0.572656 0.01875 0.0734375 0.0375 0.762238
0 0.947656 0.875781 0.0546875 0.0171875 0.831147
0 0.905469 0.160156 0.120312 0.0296875 0.855871
0 0.703906 0.864844 0.0359375 0.0640625 0.887812
0 0.766406 0.275 0.292188 0.153125 0.888298
0 0.910156 0.238281 0.160938 0.0328125 0.892611
0 0.646875 0.0703125 0.04375 0.134375 0.900046
0 0.446875 0.459375 0.03125 0.196875 0.902967
0 0.514844 0.915625 0.245312 0.16875 0.920334
0 0.913281 0.472656 0.0734375 0.148438 0.920434
0 0.424219 0.196875 0.170312 0.121875 0.937818
0 0.810938 0.125 0.071875 0.25 0.941759
0 0.599219 0.264062 0.0671875 0.11875 0.945321
0 0.747656 0.638281 0.142188 0.0828125 0.957545
0 0.657812 0.482812 0.190625 0.140625 0.973268
