0 0.0414063 0.696094 0.0109375 0.0109375 0.107269
0 0.0101562 0.757812 0.0171875 0.0125 0.107895
0 0.722656 0.991406 0.0296875 0.0171875 0.131966
0 0.796094 0.703906 0.0171875 0.0078125 0.14964
0 0.04375 0.110156 0.0875 0.151562 0.155308
0 0.558594 0.472656 0.0234375 0.0109375 0.160485
0 0.109375 0.0671875 0.015625 0.134375 0.191738
0 0.833594 0.784375 0.0640625 0.040625 0.213766
0 0.844531 0.789844 0.0296875 0.0234375 0.32907
0 0.732813 0.989062 0.053125 0.021875 0.331742
0 0.551562 0.853906 0.028125 0.135937 0.378325
0 0.675 0.03125 0.084375 0.0125 0.399466
0 0.0140625 0.901563 0.028125 0.078125 0.461452
0 0.675 0.0210938 0.084375 0.0140625 0.472483
0 0.836719 0.0625 0.0140625 0.01875 0.481514
0 0.564844 0.846875 0.0265625 0.1375 0.530248
0 0.172656 0.592188 0.170312 0.109375 0.559432
0 0.146094 0.449219 0.0296875 0.0296875 0.625548
0 0.939062 0.135937 0.078125 0.16875 0.629689
0 0.597656 0.623438 0.0328125 0.025 0.744614
0 0.700781 0.675781 0.0171875 0.0140625 0.753576
0 0.567187 0.8125 0.025 0.015625 0.765779
0 0.627344 0.849219 0.0140625 0.0609375 0.777771
0 0.532031 0.865625 0.0265625 0.134375 0.779868
0 0.161719 0.963281 0.0265625 0.0734375 0.804144
0 0.441406 0.178906 0.0640625 0.0234375 0.808913
0 0.876562 0.905469 0.03125 0.179688 0.811806
0 0.532812 0.05625 0.04375 0.103125 0.82085
0 0.803125 0.0765625 0.115625 0.14375 0.830253
0 0.38125 0.015625 0.146875 0.028125 0.833957
0 0.610156 0.202344 0.0296875 0.0203125 0.835088
0 0.878125 0.578125 0.028125 0.16875 0.853591
0 0.825 0.772656 0.0875 0.0703125 0.871907
0 0.575781 0.944531 0.135937 0.110937 0.875281
0 0.440625 0.808594 0.20625 0.0453125 0.875379
0 0.717188 0.744531 0.0375 0.0328125 0.881033
0 0.442187 0.667188 0.165625 0.021875 0.905774
0 0.800781 0.272656 0.0984375 0.0640625 0.91428
0 0.192188 0.196094 0.040625 0.0671875 0.91824
0 0.242969 0.428125 0.139062 0.090625 0.926951
0 0.414062 0.582031 0.071875 0.132812 0.92954
0 0.28125 0.783594 0.3125 0.151562 0.929781
0 0.73125 0.541406 0.05 0.107813 0.942118
0 0.319531 0.905469 0.0765625 0.189063 0.948509
0 0.105469 0.808594 0.0734375 0.120312 0.954178
0 0.55625 0.389844 0.078125 0.129688 0.957613
0 0.421094 0.894531 0.135937 0.0359375 0.960083
