0 0.532031 0.31875 0.376563 0.0375 0.106943
0 0.730469 0.757031 0.0109375 0.0171875 0.116575
0 0.85 0.991406 0.053125 0.0171875 0.118957
0 0.427344 0.0960938 0.0578125 0.185937 0.12243
0 0.0117188 0.753125 0.0234375 0.046875 0.125273
0 0.298438 0.35 0.578125 0.05625 0.140698
0 0.0257812 0.0257812 0.0171875 0.0234375 0.146012
0 0.40625 0.474219 0.015625 0.0078125 0.158214
0 0.458594 0.322656 0.245312 0.0265625 0.172033
0 0.122656 0.354688 0.232812 0.040625 0.173269
0 0.125 0.251563 0.009375 0.05625 0.182868
0 0.263281 0.344531 0.0421875 0.0140625 0.188886
0 0.158594 0.354688 0.0203125 0.00625 0.193125
0 0.260938 0.034375 0.0125 0.04375 0.196277
0 0.0125 0.98125 0.015625 0.0375 0.24142
0 0.0109375 0.765625 0.021875 0.021875 0.285538
0 0.189063 0.0453125 0.06875 0.015625 0.317957
0 0.688281 0.949219 0.0078125 0.0359375 0.402485
0 0.122656 0.0210938 0.0453125 0.0109375 0.443123
0 0.946094 0.560938 0.0265625 0.034375 0.488497
0 0.648438 0.728906 0.009375 0.0828125 0.517517
0 0.157813 0.927344 0.0125 0.145313 0.59919
0 0.874219 0.0375 0.0921875 0.03125 0.632245
0 0.253906 0.0539063 0.198437 0.0296875 0.652993
0 0.424219 0.136719 0.0390625 0.101562 0.688212
0 0.0296875 0.071875 0.059375 0.08125 0.720592
0 0.460938 0.157813 0.05 0.15 0.740213
0 0.305469 0.344531 0.0609375 0.0203125 0.759203
0 0.053125 0.765625 0.034375 0.01875 0.762056
0 0.332812 0.294531 0.021875 0.0921875 0.783163
0 0.117188 0.585156 0.015625 0.167187 0.796623
0 0.0515625 0.717969 0.034375 0.0140625 0.806243
0 0.632812 0.409375 0.046875 0.040625 0.822634
0 0.103906 0.252344 0.0421875 0.0453125 0.871613
0 0.1125 0.80625 0.078125 0.0375 0.876995
0 0.323438 0.564844 0.065625 0.101562 0.886689
0 0.292188 0.855469 0.103125 0.210938 0.894177
0 0.104687 0.728125 0.0375 0.090625 0.903646
0 0.805469 0.435156 0.0421875 0.201562 0.904857
0 0.566406 0.875 0.107813 0.040625 0.914155
0 0.560156 0.160156 0.129688 0.307813 0.92212
0 0.942969 0.6375 0.114063 0.090625 0.928814
0 0.907812 0.307813 0.128125 0.23125 0.948355
0 0.823438 0.857813 0.109375 0.0875 0.958038
