0 0.015625 0.8 0.028125 0.046875 0.102098
0 0.009375 0.447656 0.01875 0.232812 0.108851
0 0.0101562 0.910937 0.0203125 0.175 0.113588
0 0.0109375 0.782812 0.021875 0.03125 0.147852
0 0.9875 0.230469 0.025 0.0984375 0.197226
0 0.0171875 0.817969 0.034375 0.0265625 0.242202
0 0.0078125 0.974219 0.015625 0.0484375 0.31291
0 0.45625 0.170312 0.015625 0.159375 0.357562
0 0.140625 0.869531 0.0125 0.139062 0.524697
0 0.0148437 0.492969 0.0296875 0.132812 0.532898
0 0.963281 0.439063 0.0140625 0.053125 0.551948
0 0.989062 0.676562 0.021875 0.059375 0.567702
0 0.449219 0.536719 0.0703125 0.0234375 0.58243
0 0.385938 0.915625 0.05625 0.16875 0.607082
0 0.989062 0.942969 0.021875 0.107813 0.63484
0 0.03125 0.838281 0.04375 0.0765625 0.635989
0 0.222656 0.120312 0.0390625 0.240625 0.714601
0 0.475781 0.84375 0.0421875 0.196875 0.739704
0 0.932031 0.0757812 0.0421875 0.151562 0.746027
0 0.728906 0.505469 0.0171875 0.101562 0.748504
0 0.03125 0.653125 0.0625 0.15 0.772922
0 0.603125 0.342187 0.01875 0.121875 0.774487
0 0.645312 0.436719 0.01875 0.0203125 0.7758
0 0.223438 0.578125 0.090625 0.025 0.777456
0 0.275 0.952344 0.053125 0.0953125 0.783197
0 0.957812 0.601562 0.059375 0.059375 0.81102
0 0.2625 0.510156 0.025 0.273438 0.849953
0 0.429688 0.182031 0.078125 0.132812 0.860641
0 0.708594 0.0679687 0.132812 0.135937 0.871219
0 0.425781 0.289844 0.132812 0.432813 0.87748
0 0.860937 0.509375 0.075 0.175 0.892855
0 0.720312 0.228906 0.178125 0.0421875 0.900615
0 0.734375 0.949219 0.165625 0.0859375 0.916542
0 0.403906 0.504687 0.0734375 0.078125 0.936888
0 0.127344 0.219531 0.139062 0.176563 0.950264
0 0.865625 0.827344 0.171875 0.107813 0.958046
