0 0.982031 0.985937 0.0359375 0.028125 0.152041
0 0.025 0.574219 0.03125 0.0140625 0.1684
0 0.116406 0.498437 0.0171875 0.040625 0.17547
0 0.0851562 0.86875 0.0171875 0.1125 0.246645
0 0.0640625 0.352344 0.125 0.0609375 0.250212
0 0.648438 0.735156 0.1375 0.195312 0.317999
0 0.217969 0.742969 0.0109375 0.110937 0.356715
0 0.385938 0.414062 0.009375 0.01875 0.39386
0 0.111719 0.494531 0.0078125 0.0359375 0.464985
0 0.136719 0.964844 0.0453125 0.0109375 0.533096
0 0.967969 0.621875 0.0578125 0.09375 0.627103
0 0.646875 0.882812 0.015625 0.2125 0.684698
0 0.0820312 0.961719 0.0265625 0.0734375 0.699562
0 0.140625 0.227344 0.10625 0.0203125 0.720185
0 0.976562 0.959375 0.046875 0.08125 0.721754
0 0.0570313 0.28125 0.114063 0.0125 0.731982
0 0.084375 0.874219 0.01875 0.0546875 0.762822
0 0.821094 0.953906 0.0640625 0.0921875 0.78433
0 0.25 0.35 0.1125 0.0375 0.80503
0 0.310156 0.959375 0.123438 0.08125 0.807257
0 0.0851562 0.829687 0.0265625 0.165625 0.839491
0 0.132031 0.498437 0.0453125 0.040625 0.876682
0 0.485938 0.746875 0.221875 0.50625 0.877349
0 0.816406 0.601562 0.154687 0.284375 0.951793
