0 0.992969 0.789062 0.0140625 0.01875 0.177122
0 0.276563 0.360938 0.2125 0.11875 0.235013
0 0.585938 0.597656 0.0125 0.0078125 0.243517
0 0.117969 0.0484375 0.132812 0.034375 0.405501
0 0.875781 0.722656 0.0640625 0.0203125 0.578061
0 0.0554687 0.220313 0.110937 0.109375 0.662737
0 0.501562 0.574219 0.009375 0.0140625 0.675041
0 0.877344 0.1125 0.0796875 0.021875 0.714556
0 0.492188 0.596875 0.015625 0.0125 0.741264
0 0.911719 0.170312 0.135937 0.046875 0.759686
0 0.270312 0.622656 0.0375 0.229687 0.791156
0 0.794531 0.361719 0.0953125 0.0484375 0.814299
0 0.265625 0.513281 0.028125 0.0328125 0.820083
0 0.608594 0.23125 0.182812 0.1125 0.825793
0 0.960938 0.442969 0.04375 0.182812 0.841711
0 0.2625 0.889063 0.05 0.203125 0.865682
0 0.585156 0.8875 0.173438 0.19375 0.870096
0 0.7 0.517969 0.103125 0.0140625 0.875653
0 0.45 0.234375 0.090625 0.075 0.891338
0 0.753906 0.797656 0.176563 0.110937 0.894754
0 0.876562 0.147656 0.08125 0.0953125 0.894778
0 0.452344 0.729688 0.0390625 0.190625 0.912737
0 0.1375 0.304688 0.13125 0.08125 0.921947
0 0.492969 0.0710938 0.242188 0.0890625 0.933241
