0 0.015625 0.830469 0.03125 0.170312 0.109576
0 0.0164062 0.192969 0.0328125 0.0203125 0.129339
0 0.209375 0.986719 0.25 0.0265625 0.159333
0 0.765625 0.0148437 0.09375 0.0296875 0.229245
0 0.9625 0.895312 0.075 0.075 0.256029
0 0.289844 0.371875 0.0203125 0.015625 0.269416
0 0.836719 0.0390625 0.242188 0.078125 0.290706
0 0.0171875 0.372656 0.034375 0.0296875 0.305134
0 0.982813 0.525781 0.034375 0.0515625 0.311092
0 0.911719 0.915625 0.0734375 0.03125 0.397317
0 0.659375 0.464844 0.05625 0.117188 0.433639
0 0.938281 0.910156 0.123438 0.0640625 0.477243
0 0.015625 0.357812 0.03125 0.053125 0.538251
0 0.0234375 0.195312 0.034375 0.0125 0.602241
0 0.025 0.11875 0.034375 0.203125 0.615908
0 0.102344 0.192969 0.0734375 0.0171875 0.64993
0 0.701563 0.714063 0.021875 0.021875 0.69395
0 0.311719 0.146875 0.0171875 0.103125 0.707948
0 0.0609375 0.325781 0.11875 0.0578125 0.712918
0 0.0179687 0.775781 0.0359375 0.104687 0.719074
0 0.269531 0.778125 0.117188 0.01875 0.797425
0 0.189063 0.560938 0.021875 0.1375 0.806716
0 0.328906 0.526563 0.0328125 0.1 0.818777
0 0.85 0.828125 0.140625 0.05 0.82435
0 0.75 0.502344 0.034375 0.114063 0.824829
0 0.616406 0.896094 0.135937 0.0453125 0.851936
0 0.557031 0.392969 0.0921875 0.0984375 0.859623
0 0.871094 0.258594 0.0640625 0.101562 0.945136
0 0.525781 0.620313 0.0734375 0.10625 0.945161
0 0.557813 0.761719 0.125 0.0984375 0.948294
