0 0.599219 0.966406 0.0296875 0.0640625 0.102873
0 0.0546875 0.258594 0.1 0.0109375 0.115686
0 0.713281 0.819531 0.142188 0.0640625 0.121581
0 0.00703125 0.30625 0.0140625 0.08125 0.128241
0 0.528125 0.978906 0.040625 0.0421875 0.130256
0 0.0179687 0.0578125 0.0328125 0.071875 0.141212
0 0.607813 0.03125 0.29375 0.0625 0.141343
0 0.513281 0.05 0.0984375 0.075 0.143259
0 0.819531 0.964063 0.123438 0.021875 0.182676
0 0.380469 0.251563 0.0640625 0.18125 0.198283
0 0.548437 0.01875 0.178125 0.0375 0.228513
0 0.330469 0.108594 0.0703125 0.217187 0.235944
0 0.720312 0.832812 0.05 0.14375 0.31443
0 0.969531 0.522656 0.0609375 0.0671875 0.367409
0 0.523438 0.046875 0.05 0.0625 0.385917
0 0.980469 0.425 0.0390625 0.09375 0.545371
0 0.786719 0.814844 0.0953125 0.0171875 0.556428
0 0.50625 0.0117188 0.14375 0.0234375 0.589229
0 0.06875 0.0320312 0.03125 0.0640625 0.606431
0 0.860156 0.960156 0.210938 0.0296875 0.616162
0 0.878125 0.671094 0.134375 0.0359375 0.639124
0 0.8375 0.301562 0.08125 0.0375 0.781946
0 0.614062 0.955469 0.028125 0.0890625 0.807401
0 0.65 0.789062 0.25625 0.078125 0.820618
0 0.907031 0.78125 0.179688 0.053125 0.827222
0 0.926562 0.840625 0.14375 0.05625 0.861036
0 0.0382813 0.09375 0.0765625 0.159375 0.882221
0 0.349219 0.173438 0.107813 0.33125 0.885631
0 0.307031 0.915625 0.226562 0.05 0.887648
0 0.800781 0.85625 0.132812 0.1125 0.890841
0 0.728125 0.196094 0.184375 0.0546875 0.896294
0 0.944531 0.185937 0.0859375 0.1 0.90487
0 0.877344 0.6125 0.142188 0.1125 0.921151
0 0.892969 0.0539063 0.107813 0.0578125 0.924325
0 0.520312 0.367969 0.05625 0.0359375 0.9296
0 0.541406 0.652344 0.276563 0.0671875 0.93002
0 0.511719 0.830469 0.104687 0.0734375 0.944141
0 0.622656 0.521875 0.164062 0.0875 0.954995
0 0.25 0.361719 0.234375 0.179688 0.958055
