0 0.989844 0.425 0.0203125 0.021875 0.100522
0 0.973437 0.142969 0.021875 0.0390625 0.107916
0 0.957812 0.385938 0.021875 0.046875 0.145197
0 0.978125 0.277344 0.028125 0.0265625 0.175237
0 0.949219 0.266406 0.0296875 0.0421875 0.187475
0 0.289844 0.0164062 0.0484375 0.0296875 0.210641
0 0.991406 0.49375 0.0171875 0.04375 0.232099
0 0.208594 0.940625 0.104687 0.115625 0.246238
0 0.973437 0.628906 0.028125 0.0515625 0.248558
0 0.919531 0.324219 0.0234375 0.0328125 0.261747
0 0.978125 0.754687 0.03125 0.04375 0.272614
0 0.939062 0.144531 0.01875 0.0421875 0.310728
0 0.964063 0.511719 0.01875 0.0421875 0.311321
0 0.127344 0.672656 0.151562 0.0171875 0.31381
0 0.989062 0.449219 0.021875 0.0484375 0.368731
0 0.789062 0.308594 0.009375 0.0828125 0.443668
0 0.015625 0.146875 0.03125 0.040625 0.545455
0 0.917969 0.265625 0.0203125 0.04375 0.547943
0 0.932813 0.08125 0.01875 0.040625 0.551755
0 0.977344 0.2625 0.0234375 0.046875 0.571417
0 0.985937 0.386719 0.025 0.0453125 0.627119
0 0.242969 0.274219 0.0421875 0.0703125 0.636187
0 0.314063 0.0171875 0.103125 0.034375 0.666267
0 0.0289063 0.744531 0.0484375 0.104687 0.806028
0 0.461719 0.336719 0.0421875 0.0859375 0.821017
0 0.71875 0.0359375 0.1125 0.071875 0.856334
0 0.517969 0.0601562 0.220313 0.0265625 0.869999
0 0.621094 0.808594 0.0953125 0.129688 0.881175
0 0.110937 0.292969 0.0375 0.292188 0.910946
0 0.478906 0.699219 0.148438 0.170312 0.948194
0 0.266406 0.45 0.145313 0.1 0.949914
0 0.615625 0.183594 0.16875 0.0984375 0.952163
0 0.492969 0.547656 0.176563 0.164062 0.955496
0 0.753906 0.559375 0.0859375 0.15625 0.960074
