0 0.313281 0.0132813 0.220313 0.0234375 0.140026
0 0.301562 0.953125 0.00625 0.009375 0.149067
0 0.454688 0.579687 0.165625 0.034375 0.167648
0 0.474219 0.971094 0.0359375 0.0578125 0.22086
0 0.00546875 0.635938 0.0109375 0.025 0.265469
0 0.0148437 0.890625 0.0296875 0.0125 0.346674
0 0.409375 0.0921875 0.4 0.04375 0.374073
0 0.0773437 0.1125 0.0671875 0.153125 0.439895
0 0.469531 0.969531 0.0140625 0.0609375 0.502192
0 0.436719 0.567187 0.104687 0.021875 0.599371
0 0.339063 0.451562 0.134375 0.025 0.631916
0 0.608594 0.989844 0.114063 0.0203125 0.680587
0 0.135156 0.949219 0.0265625 0.101562 0.683104
0 0.110937 0.676562 0.0125 0.259375 0.73983
0 0.638281 0.853125 0.260938 0.015625 0.779794
0 0.96875 0.719531 0.01875 0.332812 0.811313
0 0.0898438 0.425781 0.0203125 0.0171875 0.823936
0 0.692969 0.960938 0.0484375 0.078125 0.834053
0 0.523438 0.552344 0.096875 0.0296875 0.863555
0 0.4625 0.59375 0.196875 0.03125 0.882666
0 0.860937 0.758594 0.059375 0.0484375 0.888115
0 0.867969 0.899219 0.0390625 0.135937 0.888995
0 0.264062 0.855469 0.084375 0.0859375 0.94018
0 0.810938 0.608594 0.059375 0.145313 0.945174
0 0.365625 0.801562 0.29375 0.3875 0.947973
0 0.683594 0.683594 0.0953125 0.117188 0.958657
0 0.517969 0.716406 0.120312 0.0671875 0.969632
