0 0.757812 0.971094 0.0875 0.0171875 0.115792
0 0.653125 0.982813 0.103125 0.034375 0.11586
0 0.942969 0.9 0.0140625 0.096875 0.122377
0 0.93125 0.538281 0.01875 0.248437 0.147161
0 0.928125 0.474219 0.0125 0.107813 0.149912
0 0.569531 0.05625 0.151562 0.09375 0.176032
0 0.372656 0.009375 0.0234375 0.0125 0.196093
0 0.260938 0.985156 0.05 0.0296875 0.232267
0 0.510938 0.078125 0.121875 0.103125 0.26855
0 0.427344 0.009375 0.132812 0.01875 0.290788
0 0.421875 0.2625 0.028125 0.021875 0.35294
0 0.596875 0.015625 0.1375 0.03125 0.389916
0 0.921094 0.421094 0.0140625 0.207813 0.401315
0 0.0171875 0.601562 0.034375 0.015625 0.440857
0 0.739844 0.974219 0.0515625 0.0140625 0.491779
0 0.619531 0.971875 0.0546875 0.05625 0.503048
0 0.49375 0.413281 0.021875 0.0984375 0.529144
0 0.553906 0.075 0.0734375 0.06875 0.642757
0 0.475781 0.967969 0.192188 0.0640625 0.658361
0 0.966406 0.352344 0.0671875 0.129688 0.686927
0 0.589844 0.285156 0.0609375 0.0296875 0.719707
0 0.776563 0.729688 0.1125 0.021875 0.737978
0 0.0367187 0.4875 0.0734375 0.08125 0.740789
0 0.780469 0.964063 0.120312 0.01875 0.759505
0 0.167187 0.576563 0.059375 0.015625 0.760137
0 0.301562 0.653906 0.078125 0.0765625 0.78635
0 0.360156 0.428125 0.0828125 0.01875 0.826021
0 0.792969 0.0390625 0.142188 0.075 0.828113
0 0.424219 0.838281 0.0234375 0.0953125 0.84205
0 0.761719 0.692969 0.0703125 0.0921875 0.861318
0 0.046875 0.0445312 0.053125 0.0890625 0.864934
0 0.838281 0.261719 0.0421875 0.0640625 0.865876
0 0.660937 0.441406 0.11875 0.0265625 0.879539
0 0.104687 0.342187 0.06875 0.175 0.903589
0 0.234375 0.189063 0.09375 0.05 0.913614
0 0.475781 0.0765625 0.0765625 0.128125 0.927202
0 0.546094 0.763281 0.135937 0.142188 0.929406
0 0.505469 0.592969 0.0890625 0.0546875 0.945368
0 0.286719 0.546875 0.126563 0.06875 0.948687
