0 0.95625 0.114844 0.05625 0.0484375 0.116483
0 0.663281 0.890625 0.0265625 0.08125 0.131184
0 0.0140625 0.302344 0.028125 0.0140625 0.194902
0 0.889844 0.01875 0.0734375 0.0375 0.196211
0 0.941406 0.111719 0.0265625 0.0359375 0.232474
0 0.803125 0.960156 0.05625 0.0578125 0.275449
0 0.704687 0.26875 0.025 0.128125 0.302316
0 0.158594 0.428125 0.0265625 0.009375 0.31154
0 0.682813 0.6875 0.090625 0.19375 0.598882
0 0.819531 0.300781 0.114063 0.0203125 0.688866
0 0.660937 0.858594 0.028125 0.154687 0.703966
0 0.678125 0.420312 0.01875 0.075 0.706418
0 0.782031 0.395312 0.198437 0.040625 0.771077
0 0.802344 0.894531 0.0890625 0.204688 0.771352
0 0.896875 0.155469 0.046875 0.0484375 0.802453
0 0.346875 0.127344 0.021875 0.145313 0.805822
0 0.9625 0.569531 0.034375 0.167187 0.818361
0 0.752344 0.142188 0.0640625 0.06875 0.821553
0 0.314063 0.710156 0.20625 0.0484375 0.837654
0 0.276563 0.900781 0.3 0.0578125 0.853828
0 0.821875 0.464063 0.04375 0.19375 0.887127
0 0.603906 0.4375 0.0296875 0.125 0.916593
0 0.489062 0.449219 0.078125 0.210938 0.937152
