0 0.920313 0.0507812 0.028125 0.101562 0.110811
0 0.879687 0.310937 0.009375 0.021875 0.167872
0 0.148438 0.977344 0.259375 0.0390625 0.185995
0 0.03125 0.245312 0.0625 0.125 0.193532
0 0.0375 0.134375 0.075 0.26875 0.196865
0 0.960938 0.601562 0.025 0.084375 0.213972
0 0.314844 0.51875 0.0921875 0.203125 0.400613
0 0.149219 0.41875 0.0890625 0.04375 0.405428
0 0.982031 0.867969 0.0328125 0.0828125 0.421825
0 0.0179687 0.260156 0.0359375 0.0765625 0.448622
0 0.0585938 0.2125 0.117188 0.29375 0.524018
0 0.914062 0.03125 0.028125 0.0625 0.561761
0 0.522656 0.015625 0.0453125 0.03125 0.602131
0 0.933594 0.513281 0.0140625 0.0359375 0.631471
0 0.369531 0.983594 0.0296875 0.0328125 0.657681
0 0.197656 0.974219 0.0109375 0.0296875 0.668792
0 0.192969 0.892187 0.0078125 0.05 0.725126
0 0.524219 0.66875 0.107813 0.0125 0.735578
0 0.83125 0.153125 0.046875 0.134375 0.758426
0 0.7125 0.297656 0.021875 0.0234375 0.76362
0 0.91875 0.0953125 0.01875 0.053125 0.769659
0 0.146094 0.6875 0.101562 0.015625 0.784471
0 0.771094 0.983594 0.0984375 0.0328125 0.79801
0 0.778906 0.728906 0.0140625 0.120312 0.81988
0 0.323438 0.936719 0.05 0.123438 0.82774
0 0.499219 0.248437 0.110937 0.03125 0.836461
0 0.392969 0.447656 0.107813 0.107813 0.849962
0 0.466406 0.347656 0.148438 0.0671875 0.850264
0 0.899219 0.388281 0.0296875 0.101562 0.855897
0 0.559375 0.810938 0.1375 0.015625 0.856691
0 0.259375 0.128906 0.103125 0.0671875 0.920447
0 0.767187 0.442187 0.096875 0.125 0.947456
0 0.621094 0.474219 0.107813 0.0765625 0.961241
