0 0.647656 0.757812 0.0078125 0.025 0.111147
0 0.914844 0.451562 0.110937 0.025 0.141301
0 0.907031 0.964063 0.0109375 0.06875 0.155568
0 0.760156 0.336719 0.0359375 0.189063 0.190854
0 0.342969 0.267969 0.0421875 0.0265625 0.257725
0 0.766406 0.35 0.0140625 0.18125 0.260944
0 0.951563 0.586719 0.096875 0.0203125 0.26288
0 0.454688 0.0578125 0.021875 0.040625 0.26444
0 0.441406 0.766406 0.0765625 0.101562 0.286961
0 0.913281 0.175 0.0109375 0.009375 0.31021
0 0.978906 0.842969 0.0421875 0.0546875 0.322868
0 0.389844 0.571875 0.0921875 0.009375 0.360908
0 0.978906 0.828906 0.0421875 0.0234375 0.518699
0 0.903125 0.217969 0.05 0.0140625 0.58031
0 0.365625 0.116406 0.1 0.0140625 0.616165
0 0.465625 0.139844 0.021875 0.214062 0.639731
0 0.925 0.370313 0.15 0.03125 0.670698
0 0.369531 0.886719 0.0546875 0.0140625 0.698611
0 0.928906 0.439844 0.142188 0.0421875 0.726206
0 0.510156 0.857031 0.0265625 0.0203125 0.731319
0 0.96875 0.725781 0.0625 0.104687 0.753396
0 0.8375 0.892969 0.109375 0.0328125 0.800001
0 0.767969 0.328125 0.260938 0.171875 0.839601
0 0.663281 0.54375 0.0359375 0.14375 0.894286
0 0.590625 0.740625 0.0375 0.0875 0.917398
0 0.935938 0.141406 0.06875 0.135937 0.921658
0 0.827344 0.442187 0.0796875 0.1875 0.933699
0 0.409375 0.774219 0.071875 0.104687 0.937716
0 0.4625 0.75 0.05 0.09375 0.938341
0 0.678906 0.117188 0.195312 0.146875 0.942848
0 0.63125 0.639844 0.1375 0.120312 0.943071
0 0.715625 0.822656 0.05 0.135937 0.944637
0 0.399219 0.620313 0.176563 0.053125 0.946006
0 0.442187 0.409375 0.165625 0.121875 0.955337
0 0.842969 0.750781 0.0953125 0.117188 0.957715
0 0.617188 0.342969 0.0625 0.114063 0.964494
