0 0.273438 0.247656 0.01875 0.0140625 0.107187
0 0.555469 0.520312 0.0359375 0.01875 0.131368
0 0.985937 0.715625 0.028125 0.1125 0.147522
0 0.985156 0.330469 0.0171875 0.207813 0.179565
0 0.232812 0.238281 0.125 0.0265625 0.181159
0 0.984375 0.319531 0.028125 0.126563 0.193382
0 0.274219 0.192969 0.0765625 0.0265625 0.193647
0 0.972656 0.334375 0.0265625 0.265625 0.215281
0 0.269531 0.167969 0.0140625 0.0171875 0.232055
0 0.6375 0.192188 0.084375 0.021875 0.260967
0 0.653125 0.166406 0.04375 0.0359375 0.278735
0 0.678906 0.157813 0.0078125 0.059375 0.281279
0 0.436719 0.0523437 0.0140625 0.101562 0.404822
0 0.408594 0.565625 0.0109375 0.0875 0.591581
0 0.879687 0.610156 0.034375 0.0328125 0.75134
0 0.671094 0.976562 0.0609375 0.046875 0.787263
0 0.8125 0.594531 0.025 0.0328125 0.794155
0 0.782812 0.553125 0.034375 0.021875 0.802682
0 0.489062 0.429688 0.115625 0.159375 0.830893
0 0.650781 0.0320312 0.176563 0.0640625 0.843856
0 0.95625 0.341406 0.03125 0.301562 0.858243
0 0.604688 0.815625 0.05 0.06875 0.90077
0 0.0890625 0.105469 0.178125 0.176563 0.901069
0 0.2375 0.380469 0.25 0.110937 0.906985
0 0.0703125 0.261719 0.140625 0.126563 0.91423
0 0.510156 0.832812 0.173438 0.328125 0.920571
0 0.260156 0.475 0.142188 0.128125 0.92726
0 0.736719 0.835938 0.307813 0.2625 0.954181
