0 0.835938 0.736719 0.025 0.0671875 0.119962
0 0.779688 0.977344 0.0875 0.0453125 0.126514
0 0.691406 0.991406 0.107813 0.0171875 0.137078
0 0.01875 0.676562 0.0375 0.0875 0.146573
0 0.909375 0.839844 0.034375 0.0109375 0.164352
0 0.592969 0.851562 0.0703125 0.065625 0.185637
0 0.833594 0.732813 0.0171875 0.040625 0.197787
0 0.0046875 0.1375 0.009375 0.0375 0.23007
0 0.0117188 0.257812 0.0234375 0.04375 0.281416
0 0.233594 0.04375 0.0390625 0.0875 0.295505
0 0.371875 0.747656 0.05625 0.110937 0.40203
0 0.241406 0.4875 0.0078125 0.015625 0.429623
0 0.332812 0.834375 0.0375 0.11875 0.465615
0 0.617969 0.464063 0.0265625 0.159375 0.504015
0 0.571094 0.522656 0.0328125 0.0828125 0.520379
0 0.827344 0.273438 0.0140625 0.028125 0.575469
0 0.0710938 0.134375 0.0109375 0.034375 0.57822
0 0.979688 0.83125 0.040625 0.01875 0.625754
0 0.153125 0.429688 0.0625 0.090625 0.646873
0 0.828125 0.710156 0.028125 0.0890625 0.661007
0 0.0578125 0.378906 0.01875 0.320312 0.682258
0 0.916406 0.975 0.0796875 0.05 0.780213
0 0.2625 0.339844 0.025 0.0609375 0.795827
0 0.357812 0.783594 0.08125 0.185937 0.826364
0 0.704687 0.56875 0.028125 0.1375 0.852017
0 0.592969 0.222656 0.0234375 0.123438 0.883936
0 0.114063 0.821875 0.053125 0.121875 0.909552
0 0.801562 0.460938 0.084375 0.075 0.918327
0 0.154687 0.253125 0.209375 0.10625 0.941056
