0 0.0875 0.6 0.01875 0.340625 0.11454
0 0.904688 0.985937 0.04375 0.028125 0.115322
0 0.614844 0.03125 0.0890625 0.0125 0.150136
0 0.978906 0.494531 0.0421875 0.154687 0.152722
0 0.540625 0.307031 0.025 0.0734375 0.162961
0 0.65 0.965625 0.025 0.009375 0.204174
0 0.699219 0.227344 0.0078125 0.0265625 0.217428
0 0.734375 0.0242187 0.4375 0.0359375 0.279971
0 0.0148437 0.70625 0.0265625 0.221875 0.29509
0 0.421094 0.908594 0.0359375 0.0203125 0.374333
0 0.635156 0.992969 0.0390625 0.0140625 0.389481
0 0.973437 0.529688 0.053125 0.01875 0.45038
0 0.894531 0.984375 0.0203125 0.03125 0.504141
0 0.676562 0.891406 0.278125 0.0140625 0.516163
0 0.989844 0.415625 0.0203125 0.171875 0.517934
0 0.854688 0.35625 0.01875 0.278125 0.529317
0 0.946875 0.869531 0.10625 0.0296875 0.666319
0 0.957031 0.30625 0.0859375 0.05 0.690195
0 0.570312 0.542969 0.0375 0.167187 0.712097
0 0.592969 0.535937 0.0359375 0.209375 0.820966
0 0.553906 0.476562 0.0328125 0.1 0.869593
0 0.763281 0.133594 0.0578125 0.0640625 0.890513
0 0.608594 0.189063 0.145313 0.0625 0.922681
0 0.855469 0.735937 0.0984375 0.090625 0.924811
0 0.896094 0.130469 0.129688 0.0328125 0.925695
0 0.807031 0.629687 0.379687 0.296875 0.930608
0 0.717188 0.482031 0.071875 0.123438 0.937611
0 0.685156 0.317969 0.120312 0.0953125 0.96502
