0 0.917188 0.216406 0.1625 0.0921875 0.127307
0 0.015625 0.136719 0.03125 0.0609375 0.144604
0 0.1 0.0710938 0.19375 0.142188 0.169548
0 0.827344 0.303125 0.0203125 0.009375 0.195367
0 0.154687 0.0203125 0.078125 0.040625 0.455062
0 0.471094 0.809375 0.0796875 0.15 0.517394
0 0.992188 0.465625 0.015625 0.046875 0.596029
0 0.0234375 0.827344 0.046875 0.0734375 0.648954
0 0.489062 0.765625 0.1125 0.221875 0.721869
0 0.675 0.965625 0.03125 0.06875 0.772189
0 0.785156 0.854688 0.0171875 0.125 0.776505
0 0.0648438 0.282031 0.0265625 0.126563 0.800415
0 0.933594 0.907812 0.0421875 0.14375 0.800515
0 0.09375 0.7375 0.065625 0.21875 0.831631
0 0.961719 0.460938 0.0546875 0.034375 0.837216
0 0.28125 0.614062 0.015625 0.128125 0.842025
0 0.594531 0.641406 0.0390625 0.189063 0.85889
0 0.248437 0.282031 0.103125 0.0234375 0.860725
0 0.813281 0.455469 0.0234375 0.0859375 0.872263
0 0.58125 0.413281 0.04375 0.0796875 0.878745
0 0.825781 0.173438 0.342187 0.175 0.884206
0 0.0632813 0.871875 0.101562 0.075 0.889058
0 0.677344 0.240625 0.0953125 0.059375 0.896229
0 0.178125 0.558594 0.025 0.192188 0.90187
0 0.859375 0.646875 0.19375 0.03125 0.902377
0 0.439844 0.1 0.226562 0.140625 0.902939
0 0.892969 0.361719 0.210938 0.117188 0.927715
0 0.435156 0.495313 0.0515625 0.1375 0.92792
0 0.457812 0.822656 0.046875 0.107813 0.931174
0 0.292969 0.910156 0.129688 0.0828125 0.933389
0 0.464063 0.3125 0.09375 0.1125 0.955825
