0 0.419531 0.976562 0.0171875 0.046875 0.102085
0 0.417969 0.274219 0.0078125 0.0140625 0.146978
0 0.0609375 0.00703125 0.121875 0.0140625 0.166396
0 0.119531 0.176563 0.179688 0.034375 0.171248
0 0.504687 0.797656 0.065625 0.0234375 0.215255
0 0.0921875 0.239844 0.053125 0.232812 0.386904
0 0.09375 0.0203125 0.15 0.0375 0.415369
0 0.05625 0.178125 0.1125 0.0125 0.424725
0 0.689062 0.226562 0.015625 0.0375 0.462297
0 0.100781 0.296094 0.0578125 0.126563 0.520837
0 0.380469 0.0140625 0.204688 0.028125 0.703861
0 0.396875 0.454688 0.15 0.03125 0.725553
0 0.0734375 0.467969 0.146875 0.0765625 0.72637
0 0.360156 0.316406 0.195312 0.0234375 0.787144
0 0.872656 0.574219 0.0296875 0.0640625 0.846402
0 0.546875 0.799219 0.13125 0.0484375 0.856418
0 0.776563 0.142188 0.134375 0.028125 0.858425
0 0.165625 0.0921875 0.153125 0.05625 0.865541
0 0.721094 0.0296875 0.0515625 0.059375 0.872673
0 0.264062 0.732031 0.096875 0.0609375 0.890653
0 0.4375 0.597656 0.134375 0.0515625 0.908028
0 0.819531 0.4125 0.0859375 0.10625 0.932882
0 0.740625 0.83125 0.125 0.05625 0.935897
0 0.484375 0.0835937 0.140625 0.167187 0.936405
0 0.622656 0.351562 0.167187 0.184375 0.952288
