0 0.335156 0.125 0.0234375 0.165625 0.102912
0 0.578125 0.517187 0.153125 0.028125 0.145612
0 0.0359375 0.0226563 0.071875 0.0453125 0.205573
0 0.51875 0.289844 0.015625 0.0109375 0.215765
0 0.288281 0.56875 0.0328125 0.0375 0.257458
0 0.121094 0.324219 0.0109375 0.0140625 0.316815
0 0.127344 0.667188 0.0859375 0.025 0.762534
0 0.0523437 0.0742188 0.0328125 0.0203125 0.790633
0 0.323438 0.11875 0.028125 0.178125 0.848469
0 0.0242187 0.292969 0.0484375 0.110937 0.852729
0 0.2375 0.635156 0.046875 0.0703125 0.881281
0 0.179688 0.892969 0.078125 0.0765625 0.891026
0 0.346875 0.820312 0.115625 0.03125 0.893996
0 0.250781 0.423438 0.0984375 0.053125 0.904125
0 0.438281 0.742969 0.148438 0.135937 0.9134
0 0.596875 0.242969 0.05625 0.120312 0.919505
0 0.630469 0.745313 0.0671875 0.04375 0.924803
0 0.180469 0.15625 0.0484375 0.109375 0.927481
0 0.198437 0.785156 0.13125 0.0734375 0.950355
0 0.455469 0.236719 0.0703125 0.157813 0.951769
0 0.599219 0.109375 0.120312 0.0625 0.95946
