0 0.694531 0.372656 0.0671875 0.135937 0.103658
0 0.915625 0.289844 0.13125 0.0109375 0.147667
0 0.666406 0.567969 0.132812 0.0140625 0.16716
0 0.221094 0.434375 0.0234375 0.15 0.207957
0 0.226562 0.45625 0.021875 0.228125 0.311353
0 0.128125 0.423438 0.021875 0.009375 0.345513
0 0.0335938 0.988281 0.0359375 0.0203125 0.413099
0 0.347656 0.0617188 0.0609375 0.123438 0.496002
0 0.359375 0.0328125 0.053125 0.065625 0.532085
0 0.108594 0.519531 0.0109375 0.0234375 0.559931
0 0.232031 0.677344 0.0765625 0.0203125 0.638534
0 0.96875 0.0578125 0.0625 0.021875 0.658825
0 0.123438 0.701563 0.24375 0.04375 0.744449
0 0.775 0.614844 0.034375 0.0703125 0.785248
0 0.419531 0.616406 0.0703125 0.0984375 0.795424
0 0.0476562 0.442969 0.0796875 0.348437 0.800371
0 0.207031 0.582812 0.0390625 0.453125 0.807118
0 0.945312 0.571875 0.0125 0.19375 0.809192
0 0.1375 0.0578125 0.084375 0.115625 0.825098
0 0.814844 0.360938 0.0265625 0.075 0.838441
0 0.928906 0.228125 0.120312 0.115625 0.851022
0 0.302344 0.678125 0.0859375 0.065625 0.856894
0 0.252344 0.460938 0.0265625 0.171875 0.892683
0 0.609375 0.678125 0.15 0.178125 0.950889
