0 0.670313 0.663281 0.015625 0.273438 0.110567
0 0.932813 0.696094 0.028125 0.0859375 0.115679
0 0.782812 0.80625 0.01875 0.09375 0.116587
0 0.721094 0.711719 0.0203125 0.145313 0.158392
0 0.741406 0.617188 0.0296875 0.328125 0.192973
0 0.196875 0.828125 0.046875 0.1625 0.206116
0 0.321875 0.229687 0.275 0.021875 0.223417
0 0.792969 0.802344 0.0234375 0.0984375 0.263194
0 0.821094 0.348437 0.235938 0.03125 0.275795
0 0.242188 0.828125 0.071875 0.275 0.423611
0 0.967969 0.692969 0.0640625 0.0609375 0.433682
0 0.44375 0.576563 0.084375 0.2125 0.562834
0 0.939062 0.589844 0.11875 0.0578125 0.609238
0 0.73125 0.622656 0.025 0.323438 0.674998
0 0.230469 0.589063 0.0671875 0.21875 0.750099
0 0.25 0.204688 0.19375 0.2375 0.776937
0 0.798437 0.242969 0.384375 0.0578125 0.777955
0 0.182812 0.83125 0.028125 0.11875 0.792189
0 0.35625 0.585156 0.103125 0.235938 0.829173
0 0.621875 0.285156 0.4125 0.570312 0.855417
0 0.852344 0.785937 0.289062 0.128125 0.859463
0 0.311719 0.908594 0.104687 0.0953125 0.861023
0 0.0757812 0.828906 0.151562 0.154687 0.913321
