0 0.364844 0.95 0.0421875 0.06875 0.140757
0 0.739844 0.957031 0.0109375 0.0171875 0.141231
0 0.866406 0.95625 0.0578125 0.084375 0.157934
0 0.423438 0.0265625 0.33125 0.053125 0.176799
0 0.782812 0.614844 0.13125 0.167187 0.190647
0 0.719531 0.93125 0.0578125 0.0125 0.2064
0 0.853125 0.941406 0.028125 0.117188 0.216714
0 0.882812 0.94375 0.10625 0.1125 0.249579
0 0.945312 0.03125 0.065625 0.0625 0.29224
0 0.778125 0.142969 0.1375 0.285937 0.328952
0 0.145313 0.0109375 0.03125 0.01875 0.341555
0 0.49375 0.745313 0.15 0.04375 0.429342
0 0.785937 0.6125 0.0625 0.234375 0.43696
0 0.945312 0.614062 0.0125 0.096875 0.451107
0 0.0203125 0.107031 0.040625 0.214062 0.492716
0 0.95 0.655469 0.015625 0.176563 0.590558
0 0.685938 0.978906 0.065625 0.0421875 0.631017
0 0.396094 0.936719 0.0140625 0.123438 0.817496
0 0.782031 0.435156 0.0171875 0.132812 0.834197
0 0.878125 0.935156 0.040625 0.126563 0.851304
0 0.916406 0.932031 0.0328125 0.129688 0.86854
0 0.813281 0.607813 0.170312 0.06875 0.890428
0 0.4875 0.575781 0.115625 0.189063 0.898542
0 0.328906 0.567187 0.0609375 0.246875 0.915048
0 0.697656 0.794531 0.0921875 0.257812 0.918827
0 0.588281 0.860937 0.170312 0.125 0.927373
