0 0.0234375 0.197656 0.034375 0.0109375 0.118371
0 0.015625 0.833594 0.03125 0.167187 0.185482
0 0.750781 0.0148437 0.117188 0.0296875 0.187492
0 0.774219 0.0265625 0.179688 0.053125 0.198009
0 0.959375 0.900781 0.08125 0.0609375 0.23313
0 0.289062 0.370313 0.01875 0.021875 0.255049
0 0.983594 0.524219 0.0328125 0.0484375 0.301353
0 0.824219 0.0445312 0.273438 0.0890625 0.319467
0 0.180469 0.982813 0.220313 0.034375 0.325793
0 0.661719 0.473437 0.0484375 0.121875 0.385055
0 0.910937 0.916406 0.071875 0.0296875 0.452061
0 0.939844 0.914844 0.120312 0.0421875 0.473079
0 0.025 0.136719 0.046875 0.226562 0.493578
0 0.015625 0.364062 0.03125 0.040625 0.532268
0 0.0976562 0.192969 0.0734375 0.0140625 0.569306
0 0.0179687 0.774219 0.0359375 0.0984375 0.740968
0 0.310937 0.146875 0.01875 0.103125 0.75664
0 0.700781 0.713281 0.0234375 0.0265625 0.788413
0 0.84375 0.828906 0.128125 0.0453125 0.805223
0 0.0640625 0.322656 0.125 0.0546875 0.8109
0 0.188281 0.560156 0.0203125 0.142188 0.829248
0 0.329688 0.525781 0.03125 0.101562 0.830246
0 0.75 0.503906 0.0375 0.117188 0.83145
0 0.614062 0.897656 0.128125 0.0421875 0.835476
0 0.270312 0.779688 0.115625 0.01875 0.842433
0 0.554688 0.39375 0.096875 0.1 0.846578
0 0.871094 0.259375 0.0640625 0.103125 0.94714
0 0.526563 0.621094 0.075 0.104687 0.949222
0 0.557031 0.764063 0.123438 0.096875 0.950683
