0 0.324219 0.0414063 0.129688 0.0796875 0.13527
0 0.826563 0.767969 0.009375 0.0140625 0.137234
0 0.913281 0.0148437 0.173438 0.0265625 0.150244
0 0.700781 0.0414063 0.0203125 0.0078125 0.151473
0 0.727344 0.910937 0.0109375 0.0125 0.18167
0 0.0523437 0.03125 0.0171875 0.0625 0.207048
0 0.967188 0.367188 0.065625 0.1625 0.211794
0 0.0492188 0.808594 0.0171875 0.192188 0.227897
0 0.0515625 0.214844 0.021875 0.360938 0.233794
0 0.0507812 0.846094 0.0109375 0.110937 0.374855
0 0.541406 0.971875 0.0734375 0.05625 0.454759
0 0.0523437 0.133594 0.0171875 0.217187 0.48387
0 0.855469 0.0304688 0.0328125 0.0546875 0.633439
0 0.85 0.677344 0.01875 0.0640625 0.728217
0 0.367188 0.0375 0.096875 0.075 0.739213
0 0.0679687 0.0304688 0.0421875 0.0609375 0.756468
0 0.961719 0.320312 0.0703125 0.0625 0.783906
0 0.175781 0.277344 0.214062 0.217187 0.841309
0 0.894531 0.178125 0.126563 0.28125 0.875039
0 0.84375 0.897656 0.1 0.0578125 0.899434
0 0.314063 0.332031 0.05 0.0609375 0.906247
0 0.25625 0.565625 0.0375 0.14375 0.912184
0 0.825 0.190625 0.121875 0.040625 0.915157
0 0.479688 0.5875 0.13125 0.059375 0.92523
0 0.880469 0.569531 0.0484375 0.0828125 0.926348
0 0.478125 0.742969 0.0875 0.0546875 0.935722
0 0.648438 0.21875 0.053125 0.075 0.938377
0 0.507031 0.292188 0.0921875 0.05625 0.95197
0 0.332812 0.889844 0.08125 0.114063 0.955282
0 0.736719 0.464844 0.0953125 0.110937 0.959307
