0 0.904688 0.009375 0.153125 0.01875 0.114496
0 0.850781 0.0242187 0.0171875 0.0203125 0.117513
0 0.941406 0.00625 0.117188 0.0125 0.129949
0 0.879687 0.0164062 0.11875 0.0328125 0.184833
0 0.503906 0.799219 0.0578125 0.0171875 0.192188
0 0.927344 0.613281 0.145313 0.0140625 0.201636
0 0.703125 0.976562 0.021875 0.046875 0.350594
0 0.619531 0.0132813 0.176563 0.0265625 0.663032
0 0.939062 0.178906 0.121875 0.0140625 0.685979
0 0.930469 0.825 0.126563 0.08125 0.686337
0 0.310156 0.224219 0.0203125 0.0390625 0.717911
0 0.60625 0.455469 0.15625 0.0296875 0.732958
0 0.89375 0.3 0.05625 0.11875 0.743232
0 0.636719 0.316406 0.195312 0.0171875 0.796352
0 0.925781 0.471875 0.148438 0.065625 0.807618
0 0.223438 0.14375 0.134375 0.03125 0.816788
0 0.28125 0.0289063 0.046875 0.0578125 0.840901
0 0.126563 0.575781 0.03125 0.0671875 0.84293
0 0.45 0.797656 0.13125 0.0515625 0.850568
0 0.832031 0.0921875 0.151562 0.053125 0.87123
0 0.564062 0.596875 0.1375 0.04375 0.872726
0 0.739062 0.728906 0.1 0.0609375 0.898946
0 0.178125 0.4125 0.08125 0.103125 0.9255
0 0.260938 0.832031 0.125 0.0609375 0.931262
0 0.515625 0.084375 0.1375 0.16875 0.932465
0 0.378906 0.353906 0.170312 0.195312 0.951052
