0 0.438281 0.710938 0.0765625 0.05 0.103803
0 0.828125 0.034375 0.05625 0.065625 0.106372
0 0.94375 0.015625 0.065625 0.03125 0.143529
0 0.725781 0.61875 0.0296875 0.309375 0.151725
0 0.985937 0.31875 0.028125 0.025 0.160268
0 0.909375 0.711719 0.0125 0.0859375 0.17818
0 0.713281 0.625781 0.0296875 0.335938 0.298588
0 0.907031 0.0164062 0.142188 0.0328125 0.351201
0 0.224219 0.859375 0.0828125 0.26875 0.399919
0 0.927344 0.597656 0.145313 0.0546875 0.765001
0 0.66875 0.739062 0.0625 0.2375 0.772021
0 0.358594 0.571094 0.0796875 0.226562 0.845362
0 0.957812 0.709375 0.08125 0.040625 0.845618
0 0.85 0.785156 0.296875 0.117188 0.8493
0 0.529688 0.66875 0.021875 0.140625 0.858257
0 0.578125 0.285156 0.396875 0.570312 0.88436
0 0.307031 0.911719 0.0921875 0.0765625 0.922899
0 0.0773437 0.828906 0.151562 0.151562 0.925811
0 0.246875 0.239063 0.190625 0.2125 0.947441
