0 0.209375 0.992969 0.009375 0.0140625 0.174837
0 0.432813 0.54375 0.00625 0.0125 0.25191
0 0.833594 0.924219 0.0484375 0.107813 0.36724
0 0.95 0.115625 0.034375 0.121875 0.53785
0 0.427344 0.502344 0.0109375 0.0109375 0.651605
0 0.488281 0.266406 0.0328125 0.0265625 0.769063
0 0.402344 0.588281 0.0078125 0.0171875 0.781022
0 0.403125 0.492969 0.009375 0.0109375 0.784348
0 0.889063 0.878906 0.025 0.0765625 0.804749
0 0.48125 0.696875 0.0125 0.1 0.809568
0 0.275781 0.867188 0.0171875 0.046875 0.843535
0 0.117969 0.261719 0.204688 0.0578125 0.85521
0 0.383594 0.269531 0.242188 0.0421875 0.867784
0 0.7875 0.05625 0.096875 0.1125 0.875245
0 0.1125 0.58125 0.203125 0.18125 0.880597
0 0.636719 0.79375 0.0421875 0.0875 0.887791
0 0.764844 0.605469 0.117188 0.198437 0.888597
0 0.558594 0.957812 0.179688 0.040625 0.892651
0 0.346875 0.739062 0.109375 0.125 0.896355
0 0.269531 0.452344 0.179688 0.0359375 0.901464
0 0.764844 0.449219 0.0796875 0.0953125 0.911037
0 0.69375 0.13125 0.075 0.128125 0.92003
0 0.850781 0.877344 0.0984375 0.0828125 0.92249
0 0.642187 0.28125 0.115625 0.20625 0.924894
0 0.928125 0.496875 0.09375 0.253125 0.926266
0 0.200781 0.759375 0.114063 0.178125 0.931397
