0 0.68125 0.903906 0.015625 0.0109375 0.193236
0 0.364844 0.608594 0.189063 0.0109375 0.386902
0 0.864844 0.0109375 0.220313 0.021875 0.462401
0 0.524219 0.185937 0.0171875 0.175 0.577336
0 0.98125 0.500781 0.0375 0.0671875 0.669763
0 0.357812 0.235938 0.071875 0.05625 0.681144
0 0.80625 0.0320312 0.06875 0.0140625 0.702323
0 0.479688 0.339844 0.025 0.0328125 0.820784
0 0.228906 0.194531 0.123438 0.0546875 0.833136
0 0.114844 0.308594 0.145313 0.101562 0.843608
0 0.720312 0.88125 0.078125 0.05625 0.859724
0 0.264844 0.0976562 0.245312 0.126563 0.862457
0 0.139844 0.532031 0.179688 0.101562 0.866671
0 0.771094 0.907812 0.201562 0.0875 0.909053
0 0.847656 0.620313 0.192188 0.109375 0.940822
