0 0.973437 0.994531 0.025 0.0109375 0.168095
0 0.0976562 0.11875 0.0546875 0.01875 0.184725
0 0.982813 0.653125 0.034375 0.065625 0.222781
0 0.0125 0.745313 0.025 0.021875 0.280441
0 0.982031 0.692969 0.0359375 0.148438 0.34131
0 0.809375 0.2 0.209375 0.0125 0.420646
0 0.658594 0.939844 0.145313 0.0296875 0.504435
0 0.983594 0.639844 0.0328125 0.0296875 0.538031
0 0.288281 0.984375 0.195312 0.03125 0.576949
0 0.2875 0.403906 0.14375 0.0140625 0.705432
0 0.792969 0.888281 0.0296875 0.195312 0.721975
0 0.439063 0.15 0.096875 0.021875 0.732116
0 0.757031 0.0828125 0.173438 0.015625 0.745953
0 0.328125 0.704687 0.209375 0.146875 0.811998
0 0.09375 0.0945313 0.065625 0.0359375 0.820645
0 0.942187 0.884375 0.04375 0.015625 0.83927
0 0.829687 0.310156 0.265625 0.0234375 0.883673
0 0.269531 0.0546875 0.223438 0.10625 0.904373
0 0.560938 0.528125 0.165625 0.103125 0.906857
0 0.420312 0.914062 0.278125 0.14375 0.911172
0 0.59375 0.860937 0.3 0.06875 0.912318
0 0.295312 0.539062 0.153125 0.140625 0.915687
0 0.49375 0.253125 0.25 0.140625 0.940188
0 0.632031 0.675781 0.195312 0.123438 0.953098
