0 0.502344 0.497656 0.0109375 0.0109375 0.144288
0 0.4625 0.66875 0.034375 0.071875 0.156279
0 0.0671875 0.621875 0.025 0.071875 0.176244
0 0.491406 0.255469 0.0203125 0.0078125 0.192279
0 0.158594 0.671094 0.0140625 0.0140625 0.296901
0 0.889063 0.732813 0.015625 0.3125 0.313473
0 0.735156 0.01875 0.0578125 0.0375 0.325621
0 0.46875 0.498437 0.009375 0.0125 0.331028
0 0.332812 0.279687 0.015625 0.0125 0.335755
0 0.771094 0.992188 0.0953125 0.015625 0.369876
0 0.629687 0.0125 0.0375 0.025 0.401041
0 0.496875 0.984375 0.1625 0.03125 0.409351
0 0.2625 0.00390625 0.021875 0.0078125 0.429118
0 0.884375 0.700781 0.0125 0.198437 0.52318
0 0.321875 0.707812 0.08125 0.0125 0.537834
0 0.791406 0.0171875 0.157813 0.034375 0.563154
0 0.323438 0.694531 0.084375 0.0140625 0.578838
0 0.194531 0.0328125 0.0203125 0.009375 0.588689
0 0.692969 0.95625 0.148438 0.0875 0.650299
0 0.552344 0.216406 0.0703125 0.0515625 0.676943
0 0.0476562 0.573438 0.0671875 0.125 0.715941
0 0.798437 0.528906 0.046875 0.0671875 0.802211
0 0.457812 0.676562 0.04375 0.125 0.811752
0 0.550781 0.548437 0.0609375 0.0375 0.819474
0 0.116406 0.160938 0.0296875 0.178125 0.820425
0 0.288281 0.0554687 0.0171875 0.0140625 0.824654
0 0.84375 0.282031 0.0375 0.0296875 0.825727
0 0.389844 0.109375 0.0359375 0.028125 0.831197
0 0.947656 0.629687 0.0953125 0.103125 0.862204
0 0.551562 0.0625 0.171875 0.025 0.874496
0 0.383594 0.528906 0.0265625 0.0171875 0.887344
0 0.264844 0.924219 0.0984375 0.0953125 0.911113
0 0.614844 0.708594 0.139062 0.0359375 0.916868
0 0.192969 0.460156 0.0953125 0.0578125 0.919328
0 0.467187 0.865625 0.090625 0.05625 0.938003
0 0.577344 0.147656 0.0796875 0.139062 0.943064
0 0.242969 0.820312 0.129688 0.06875 0.946799
0 0.833594 0.146094 0.198437 0.135937 0.951445
0 0.435156 0.344531 0.0765625 0.126563 0.951647
0 0.748438 0.303906 0.140625 0.0859375 0.952095
0 0.257812 0.195312 0.046875 0.109375 0.960684
