0 0.225781 0.028125 0.357812 0.05625 0.125679
0 0.339063 0.517969 0.01875 0.0359375 0.144667
0 0.015625 0.310156 0.03125 0.114063 0.215521
0 0.503125 0.919531 0.08125 0.0859375 0.28488
0 0.948438 0.973437 0.0375 0.053125 0.516064
0 0.271094 0.438281 0.0078125 0.0421875 0.555417
0 0.320312 0.0265625 0.1625 0.053125 0.579683
0 0.0117188 0.471094 0.0234375 0.0859375 0.607965
0 0.259375 0.322656 0.009375 0.0796875 0.726522
0 0.3625 0.646875 0.021875 0.159375 0.779964
0 0.403906 0.8875 0.0234375 0.225 0.790223
0 0.0195312 0.385156 0.0390625 0.0859375 0.804215
0 0.486719 0.898438 0.110937 0.03125 0.814724
0 0.380469 0.310937 0.0953125 0.0625 0.841652
0 0.389062 0.607031 0.028125 0.0734375 0.848097
0 0.260156 0.903906 0.0234375 0.107813 0.861935
0 0.628125 0.45 0.053125 0.071875 0.870155
0 0.0773437 0.697656 0.154687 0.0859375 0.888393
0 0.8875 0.834375 0.034375 0.171875 0.889617
0 0.1375 0.391406 0.096875 0.229687 0.889818
0 0.570312 0.636719 0.034375 0.0640625 0.890942
0 0.874219 0.195312 0.0578125 0.15625 0.897114
0 0.846875 0.603125 0.0375 0.271875 0.897335
0 0.93125 0.886719 0.09375 0.126563 0.915962
0 0.328906 0.642969 0.0484375 0.145313 0.918954
0 0.623438 0.835156 0.08125 0.257812 0.929854
0 0.521875 0.461719 0.10625 0.223438 0.9365
0 0.1125 0.866406 0.15625 0.154687 0.937133
0 0.639063 0.503906 0.16875 0.0765625 0.956355
