0 0.796094 0.56875 0.0109375 0.0125 0.103183
0 0.186719 0.984375 0.151562 0.03125 0.103589
0 0.742188 0.994531 0.025 0.0109375 0.106901
0 0.0242187 0.754687 0.0484375 0.425 0.123716
0 0.0210938 0.610937 0.0421875 0.028125 0.145967
0 0.03125 0.238281 0.059375 0.467187 0.184288
0 0.0101562 0.0390625 0.0203125 0.065625 0.21282
0 0.407813 0.532031 0.015625 0.0203125 0.215063
0 0.674219 0.523438 0.0234375 0.021875 0.226509
0 0.853125 0.971094 0.140625 0.0578125 0.240664
0 0.822656 0.666406 0.0078125 0.0140625 0.246219
0 0.666406 0.524219 0.0171875 0.0140625 0.311121
0 0.9375 0.797656 0.025 0.0109375 0.359433
0 0.322656 0.357812 0.0109375 0.028125 0.45509
0 0.709375 0.671094 0.00625 0.0109375 0.47982
0 0.838281 0.0195312 0.145313 0.0390625 0.523352
0 0.103125 0.108594 0.009375 0.0890625 0.53157
0 0.0203125 0.428906 0.040625 0.210938 0.572112
0 0.0203125 0.655469 0.0375 0.220313 0.604873
0 0.554688 0.363281 0.0125 0.0265625 0.681563
0 0.958594 0.0890625 0.0765625 0.103125 0.703069
0 0.123438 0.671094 0.040625 0.0390625 0.741323
0 0.259375 0.891406 0.028125 0.167187 0.769168
0 0.684375 0.519531 0.015625 0.0359375 0.783671
0 0.984375 0.924219 0.03125 0.107813 0.792262
0 0.249219 0.0460938 0.0984375 0.0921875 0.814041
0 0.0625 0.892969 0.025 0.129688 0.839224
0 0.589063 0.0414063 0.053125 0.0828125 0.842522
0 0.888281 0.329688 0.0609375 0.04375 0.8624
0 0.071875 0.460156 0.140625 0.332812 0.865643
0 0.695312 0.358594 0.046875 0.0890625 0.869426
0 0.267188 0.5375 0.034375 0.034375 0.876785
0 0.235156 0.732813 0.0421875 0.034375 0.897886
0 0.419531 0.849219 0.123438 0.0609375 0.900445
0 0.814844 0.571094 0.0203125 0.0171875 0.901726
0 0.89375 0.73125 0.028125 0.178125 0.902411
0 0.207031 0.301562 0.0765625 0.1625 0.910181
0 0.814062 0.395312 0.03125 0.18125 0.921671
0 0.905469 0.552344 0.0796875 0.126563 0.928477
0 0.494531 0.154687 0.0421875 0.0625 0.931843
0 0.161719 0.366406 0.0796875 0.217187 0.936324
0 0.627344 0.203125 0.0828125 0.115625 0.9381
0 0.588281 0.610937 0.0703125 0.096875 0.940016
0 0.382031 0.657812 0.0609375 0.10625 0.940108
0 0.721094 0.539844 0.0453125 0.173438 0.946072
0 0.40625 0.383594 0.05625 0.148438 0.949069
