0 0.034375 0.45625 0.06875 0.09375 0.17841
0 0.258594 0.979688 0.0578125 0.040625 0.306324
0 0.0304688 0.426562 0.0609375 0.0875 0.396859
0 0.0078125 0.935938 0.015625 0.034375 0.514371
0 0.935156 0.425781 0.120312 0.0140625 0.648789
0 0.658594 0.936719 0.279687 0.0390625 0.702888
0 0.657031 0.950781 0.267188 0.0359375 0.710816
0 0.441406 0.761719 0.0234375 0.0359375 0.745736
0 0.0234375 0.654688 0.04375 0.059375 0.829267
0 0.435156 0.396875 0.0828125 0.0125 0.864767
0 0.177344 0.583594 0.0859375 0.0703125 0.869151
0 0.725 0.06875 0.121875 0.134375 0.897073
0 0.960938 0.635938 0.075 0.18125 0.903909
0 0.167187 0.496875 0.334375 0.1625 0.923918
0 0.619531 0.232031 0.110937 0.251563 0.93202
0 0.883594 0.0835937 0.164062 0.167187 0.933042
0 0.513281 0.246094 0.135937 0.148438 0.93836
0 0.158594 0.711719 0.260938 0.317187 0.963266
