0 0.457812 0.0421875 0.084375 0.084375 0.101619
0 0.434375 0.0226563 0.1 0.0421875 0.114159
0 0.417188 0.0125 0.103125 0.025 0.123045
0 0.0234375 0.311719 0.046875 0.0171875 0.123525
0 0.142969 0.413281 0.0328125 0.0265625 0.125413
0 0.0328125 0.126563 0.065625 0.084375 0.135006
0 0.659375 0.478906 0.021875 0.132812 0.171709
0 0.275 0.110937 0.090625 0.1 0.18154
0 0.985156 0.728906 0.0265625 0.148438 0.183845
0 0.0390625 0.2 0.078125 0.03125 0.186063
0 0.401563 0.16875 0.04375 0.078125 0.223864
0 0.178125 0.453906 0.034375 0.0140625 0.285397
0 0.98125 0.317969 0.0375 0.132812 0.51716
0 0.021875 0.317187 0.04375 0.0125 0.517252
0 0.846875 0.928906 0.009375 0.0703125 0.593961
0 0.4125 0.153906 0.071875 0.0953125 0.688838
0 0.639844 0.460938 0.0671875 0.14375 0.706837
0 0.714063 0.470313 0.015625 0.065625 0.729862
0 0.888281 0.619531 0.0296875 0.0296875 0.752357
0 0.132812 0.404687 0.046875 0.034375 0.761612
0 0.333594 0.553125 0.204688 0.153125 0.778483
0 0.55625 0.1875 0.0625 0.03125 0.790894
0 0.546875 0.514844 0.221875 0.0671875 0.797415
0 0.974219 0.732813 0.0265625 0.171875 0.803006
0 0.0617188 0.733594 0.0359375 0.198437 0.840634
0 0.699219 0.696875 0.0390625 0.028125 0.845714
0 0.0445312 0.275781 0.0859375 0.0390625 0.846042
0 0.532812 0.65625 0.16875 0.025 0.859488
0 0.8125 0.570312 0.04375 0.03125 0.865067
0 0.514844 0.436719 0.129688 0.0328125 0.870714
0 0.0625 0.469531 0.125 0.107813 0.876583
0 0.8375 0.776563 0.040625 0.1125 0.898626
0 0.930469 0.430469 0.117188 0.276563 0.905737
0 0.666406 0.933594 0.0765625 0.132812 0.907262
0 0.25625 0.339844 0.0375 0.135937 0.917123
0 0.513281 0.739844 0.0734375 0.145313 0.928437
0 0.414844 0.392969 0.0859375 0.254687 0.934905
0 0.691406 0.296094 0.204688 0.273438 0.93508
0 0.210156 0.533594 0.0671875 0.110937 0.951069
0 0.352344 0.909375 0.142188 0.08125 0.955123
0 0.21875 0.255469 0.1375 0.129688 0.955349
0 0.828125 0.292969 0.075 0.0765625 0.955373
0 0.266406 0.753125 0.185937 0.140625 0.957692
