0 0.932031 0.009375 0.0328125 0.01875 0.104936
0 0.440625 0.638281 0.009375 0.0328125 0.108659
0 0.994531 0.228906 0.0109375 0.0328125 0.114842
0 0.980469 0.330469 0.0171875 0.0359375 0.132205
0 0.765625 0.721875 0.009375 0.09375 0.153444
0 0.248437 0.371094 0.0125 0.0890625 0.158532
0 0.290625 0.43125 0.065625 0.128125 0.173763
0 0.232812 0.50625 0.0125 0.021875 0.183563
0 0.988281 0.661719 0.0234375 0.0796875 0.192787
0 0.985156 0.286719 0.0265625 0.189063 0.276901
0 0.282813 0.990625 0.01875 0.01875 0.287961
0 0.025 0.985156 0.04375 0.0296875 0.424172
0 0.547656 0.6125 0.0109375 0.0625 0.490494
0 0.0617188 0.015625 0.0328125 0.03125 0.501691
0 0.901563 0.569531 0.0125 0.135937 0.518975
0 0.689844 0.252344 0.0140625 0.101562 0.562021
0 0.339844 0.471875 0.0421875 0.05 0.562403
0 0.532031 0.699219 0.0359375 0.0328125 0.59212
0 0.803125 0.469531 0.0125 0.0140625 0.612943
0 0.584375 0.01875 0.021875 0.0375 0.656819
0 0.867188 0.1875 0.025 0.11875 0.667897
0 0.649219 0.102344 0.0234375 0.0734375 0.688257
0 0.679688 0.747656 0.01875 0.148438 0.709099
0 0.20625 0.646875 0.01875 0.03125 0.719898
0 0.283594 0.0101562 0.0859375 0.0203125 0.726843
0 0.654688 0.654688 0.03125 0.05625 0.747619
0 0.990625 0.354688 0.01875 0.084375 0.757244
0 0.46875 0.551562 0.015625 0.025 0.760797
0 0.75 0.446875 0.04375 0.09375 0.761248
0 0.147656 0.0304688 0.0421875 0.0609375 0.765823
0 0.551562 0.335156 0.015625 0.0609375 0.79383
0 0.85625 0.413281 0.034375 0.0421875 0.844763
0 0.276563 0.4 0.065625 0.065625 0.848267
0 0.669531 0.269531 0.0484375 0.0640625 0.854836
0 0.478125 0.420312 0.028125 0.0625 0.866939
0 0.303906 0.659375 0.0578125 0.04375 0.869328
0 0.432813 0.714844 0.021875 0.0828125 0.873384
0 0.603906 0.673437 0.0328125 0.103125 0.877445
0 0.290625 0.178125 0.065625 0.146875 0.88334
0 0.539062 0.497656 0.0625 0.0328125 0.891558
0 0.894531 0.947656 0.0296875 0.0859375 0.892402
0 0.376563 0.510938 0.06875 0.06875 0.901864
0 0.948438 0.314063 0.06875 0.115625 0.91653
0 0.697656 0.440625 0.0484375 0.08125 0.917768
0 0.364062 0.25 0.0375 0.10625 0.922836
0 0.505469 0.0664062 0.0734375 0.132812 0.927281
0 0.0671875 0.677344 0.046875 0.0734375 0.927848
0 0.0695312 0.564062 0.139062 0.190625 0.940855
