0 0.680469 0.295312 0.117188 0.134375 0.146335
0 0.892187 0.429688 0.015625 0.009375 0.38638
0 0.434375 0.00625 0.065625 0.0125 0.421767
0 0.866406 0.03125 0.254687 0.0375 0.567903
0 0.853125 0.676562 0.01875 0.009375 0.606099
0 0.628906 0.975781 0.0203125 0.0484375 0.684881
0 0.373437 0.028125 0.090625 0.009375 0.702907
0 0.572656 0.0179687 0.0703125 0.0359375 0.734086
0 0.947656 0.877344 0.0546875 0.0171875 0.849376
0 0.90625 0.160938 0.121875 0.028125 0.850762
0 0.910937 0.238281 0.159375 0.0328125 0.884609
0 0.704687 0.863281 0.0375 0.0671875 0.892726
0 0.765625 0.275781 0.2875 0.154687 0.910162
0 0.646875 0.0695312 0.04375 0.135937 0.910667
0 0.514063 0.914844 0.246875 0.170312 0.911275
0 0.446875 0.4625 0.03125 0.1875 0.913877
0 0.9125 0.472656 0.075 0.148438 0.927195
0 0.424219 0.196875 0.170312 0.121875 0.935252
0 0.810938 0.125 0.071875 0.25 0.943072
0 0.599219 0.264062 0.0671875 0.115625 0.946964
0 0.746875 0.6375 0.140625 0.08125 0.956878
0 0.657812 0.484375 0.19375 0.140625 0.973543
