0 0.0335938 0.578125 0.0671875 0.134375 0.105066
0 0.422656 0.970312 0.0921875 0.059375 0.106085
0 0.992969 0.896094 0.0140625 0.0484375 0.106171
0 0.850781 0.0726563 0.0390625 0.145313 0.116515
0 0.608594 0.0351562 0.0703125 0.0703125 0.120688
0 0.289844 0.2375 0.0390625 0.021875 0.124914
0 0.0835937 0.0476562 0.0421875 0.0859375 0.135587
0 0.0273438 0.685938 0.0515625 0.484375 0.164823
0 0.569531 0.674219 0.114063 0.0296875 0.167185
0 0.0242187 0.196875 0.0359375 0.040625 0.178393
0 0.0351562 0.553906 0.0703125 0.0546875 0.179814
0 0.770312 0.028125 0.075 0.034375 0.192611
0 0.053125 0.542969 0.0375 0.0203125 0.206048
0 0.0335938 0.430469 0.0109375 0.0453125 0.224847
0 0.765625 0.0554687 0.065625 0.0484375 0.252997
0 0.0398437 0.544531 0.0734375 0.0234375 0.270813
0 0.703125 0.935156 0.025 0.123438 0.294378
0 0.990625 0.917969 0.01875 0.101562 0.299537
0 0.669531 0.35 0.0140625 0.140625 0.3301
0 0.261719 0.578125 0.0328125 0.26875 0.332116
0 0.804688 0.16875 0.0125 0.01875 0.344013
0 0.0796875 0.0515625 0.01875 0.078125 0.399567
0 0.616406 0.034375 0.0296875 0.06875 0.456646
0 0.982031 0.714063 0.0359375 0.084375 0.491129
0 0.880469 0.972656 0.0953125 0.0546875 0.614207
0 0.0273438 0.81875 0.0546875 0.14375 0.695642
0 0.31875 0.03125 0.165625 0.0625 0.767749
0 0.945312 0.275 0.109375 0.0875 0.819447
0 0.761719 0.342187 0.0359375 0.053125 0.855548
0 0.399219 0.58125 0.0703125 0.128125 0.871147
0 0.282813 0.367969 0.25625 0.0390625 0.875532
0 0.513281 0.429688 0.0203125 0.159375 0.87627
0 0.663281 0.707812 0.126563 0.078125 0.881917
0 0.516406 0.0445312 0.107813 0.0828125 0.892687
0 0.733594 0.449219 0.0984375 0.0484375 0.893925
0 0.742188 0.614062 0.0625 0.121875 0.931348
0 0.157813 0.523438 0.05625 0.14375 0.932928
0 0.24375 0.749219 0.18125 0.0640625 0.941626
0 0.45 0.221875 0.09375 0.128125 0.958235
