0 0.847656 0.142188 0.0109375 0.015625 0.13871
0 0.757031 0.0289063 0.164062 0.0421875 0.139744
0 0.0554687 0.0992187 0.110937 0.148438 0.14181
0 0.0320312 0.132812 0.0640625 0.109375 0.142565
0 0.905469 0.983594 0.0546875 0.0328125 0.177352
0 0.123438 0.796094 0.028125 0.0671875 0.36237
0 0.278906 0.0539063 0.526563 0.107813 0.365188
0 0.0195312 0.639844 0.0390625 0.0453125 0.442051
0 0.0976562 0.071875 0.192188 0.134375 0.495769
0 0.25 0.2125 0.078125 0.04375 0.502663
0 0.796875 0.698438 0.10625 0.06875 0.571788
0 0.877344 0.890625 0.0328125 0.075 0.597603
0 0.025 0.80625 0.05 0.08125 0.633418
0 0.761719 0.724219 0.0171875 0.0171875 0.645636
0 0.582031 0.848437 0.157813 0.034375 0.700055
0 0.939844 0.146875 0.107813 0.065625 0.725285
0 0.521875 0.497656 0.0625 0.0421875 0.763371
0 0.0921875 0.967188 0.15 0.025 0.787421
0 0.633594 0.770312 0.0640625 0.075 0.804398
0 0.95 0.389844 0.1 0.0296875 0.814831
0 0.720312 0.5625 0.10625 0.03125 0.817741
0 0.353125 0.205469 0.053125 0.123438 0.871199
0 0.510156 0.128906 0.0453125 0.257812 0.917869
0 0.3 0.596094 0.084375 0.154687 0.920476
0 0.132031 0.379687 0.107813 0.26875 0.944766
0 0.503906 0.661719 0.145313 0.104687 0.955897
0 0.378906 0.814844 0.132812 0.239063 0.960044
