0 0.438281 0.015625 0.126563 0.03125 0.117868
0 0.492969 0.00546875 0.0203125 0.0109375 0.117936
0 0.258594 0.840625 0.0859375 0.015625 0.124562
0 0.00703125 0.645312 0.0140625 0.075 0.148982
0 0.436719 0.0414063 0.126563 0.0828125 0.149782
0 0.338281 0.382031 0.0078125 0.0140625 0.157762
0 0.198437 0.157813 0.021875 0.00625 0.177436
0 0.0117188 0.417188 0.0234375 0.028125 0.227641
0 0.0117188 0.402344 0.0234375 0.0671875 0.232293
0 0.455469 0.0578125 0.0578125 0.115625 0.259336
0 0.260938 0.846875 0.08125 0.0125 0.297648
0 0.417188 0.6375 0.015625 0.00625 0.302133
0 0.485156 0.625 0.0109375 0.009375 0.316599
0 0.434375 0.0835937 0.025 0.0203125 0.323609
0 0.851562 0.0601562 0.009375 0.0234375 0.329131
0 0.446094 0.0554687 0.0234375 0.110937 0.335786
0 0.0421875 0.95625 0.08125 0.0125 0.393757
0 0.472656 0.46875 0.0109375 0.025 0.427359
0 0.45625 0.0523437 0.021875 0.104687 0.48496
0 0.975 0.985156 0.05 0.0265625 0.489518
0 0.255469 0.16875 0.0109375 0.00625 0.496052
0 0.746094 0.0679687 0.0203125 0.135937 0.503207
0 0.824219 0.914844 0.0109375 0.170312 0.504878
0 0.433594 0.0695312 0.0265625 0.114063 0.517121
0 0.852344 0.015625 0.0390625 0.03125 0.52975
0 0.470313 0.0515625 0.025 0.103125 0.542404
0 0.378125 0.0375 0.009375 0.065625 0.59514
0 0.925781 0.2625 0.0078125 0.021875 0.628599
0 0.204688 0.242969 0.00625 0.0265625 0.633103
0 0.6125 0.0523437 0.025 0.0265625 0.641399
0 0.451562 0.329688 0.015625 0.01875 0.762848
0 0.553906 0.102344 0.210938 0.0296875 0.770051
0 0.340625 0.68125 0.028125 0.021875 0.776001
0 0.107813 0.271875 0.0375 0.16875 0.789143
0 0.504687 0.728125 0.059375 0.0125 0.80968
0 0.552344 0.900781 0.148438 0.0140625 0.818614
0 0.0203125 0.714844 0.040625 0.142188 0.826102
0 0.397656 0.845312 0.0296875 0.14375 0.844189
0 0.751562 0.746094 0.0375 0.0796875 0.872678
0 0.386719 0.267188 0.0328125 0.015625 0.875101
0 0.157031 0.582031 0.0953125 0.0265625 0.875572
0 0.278906 0.126563 0.0390625 0.028125 0.889309
0 0.582812 0.0210938 0.134375 0.0234375 0.89531
0 0.166406 0.0609375 0.0953125 0.11875 0.901001
0 0.920313 0.855469 0.15625 0.123438 0.901945
0 0.690625 0.0640625 0.065625 0.128125 0.905747
0 0.889063 0.801562 0.06875 0.05625 0.908688
0 0.548437 0.244531 0.165625 0.0265625 0.908811
0 0.248437 0.330469 0.0375 0.110937 0.911969
0 0.567187 0.333594 0.059375 0.142188 0.931938
0 0.176563 0.948438 0.121875 0.090625 0.932798
0 0.714063 0.160938 0.30625 0.178125 0.933382
0 0.81875 0.369531 0.175 0.151562 0.934676
0 0.408594 0.505469 0.0640625 0.135937 0.937783
0 0.721875 0.517187 0.146875 0.0625 0.950792
0 0.89375 0.15625 0.0625 0.128125 0.95805
