0 0.91875 0.632031 0.15 0.195312 0.298536
0 0.792188 0.00703125 0.0125 0.0140625 0.341536
0 0.407031 0.116406 0.0109375 0.0109375 0.344715
0 0.167187 0.100781 0.0625 0.129688 0.548333
0 0.573438 0.496875 0.0125 0.009375 0.614718
0 0.360156 0.200781 0.0453125 0.101562 0.671439
0 0.596094 0.507812 0.0109375 0.0125 0.72549
0 0.597656 0.413281 0.0078125 0.0171875 0.753156
0 0.0539063 0.889844 0.0328125 0.129688 0.75574
0 0.650781 0.263281 0.110937 0.132812 0.786041
0 0.108594 0.122656 0.0296875 0.0640625 0.791658
0 0.517969 0.302344 0.0140625 0.0984375 0.792585
0 0.5125 0.733594 0.03125 0.0296875 0.798109
0 0.215625 0.942969 0.10625 0.114063 0.81626
0 0.889063 0.735937 0.221875 0.05625 0.816383
0 0.617969 0.729688 0.235938 0.05 0.872015
0 0.234375 0.39375 0.121875 0.2 0.875817
0 0.795313 0.239063 0.11875 0.184375 0.884594
0 0.152344 0.126563 0.0984375 0.084375 0.884758
0 0.728906 0.548437 0.185937 0.040625 0.885582
0 0.44375 0.0367187 0.184375 0.0453125 0.888385
0 0.724219 0.132812 0.0171875 0.04375 0.900888
0 0.23125 0.554688 0.075 0.084375 0.902617
0 0.884375 0.414062 0.196875 0.171875 0.927697
0 0.0726563 0.507812 0.0921875 0.253125 0.934157
0 0.354688 0.714844 0.109375 0.198437 0.942683
0 0.303906 0.863281 0.0796875 0.132812 0.944338
