0 0.51226 0.630128 0.0875 0.0974359 0.741398
0 0.941226 0.501282 0.111779 0.024359 0.755146
0 0.740385 0.748718 0.310096 0.0391026 0.761174
0 0.539062 0.936538 0.153606 0.121795 0.766483
0 0.575721 0.620353 0.08125 0.088141 0.797106
0 0.506731 0.742308 0.0552885 0.05 0.808554
0 0.338341 0.141026 0.0579327 0.0288462 0.833048
0 0.66899 0.782051 0.06875 0.0416667 0.862602
0 0.10637 0.514423 0.028125 0.0621795 0.87048
0 0.579687 0.0415064 0.0661058 0.0804487 0.872902
0 0.923197 0.0649038 0.0723558 0.0560897 0.888093
0 0.26863 0.842788 0.300721 0.309295 0.943315
0 0.514543 0.357692 0.210817 0.282692 0.945226
