0 0.515024 0.353686 0.185817 0.0516026 0.729434
0 0.58125 0.550321 0.0134615 0.0147436 0.777158
0 0.71262 0.470192 0.206971 0.075 0.781429
0 0.730288 0.491987 0.174038 0.0519231 0.784955
0 0.674038 0.389423 0.09375 0.0275641 0.881811
0 0.573438 0.464744 0.021875 0.15641 0.896987
0 0.140745 0.747276 0.191106 0.0336538 0.900158
0 0.437981 0.200641 0.0567308 0.0429487 0.904428
0 0.751683 0.716026 0.45625 0.194231 0.916257
0 0.492909 0.300321 0.115625 0.102564 0.929311
0 0.939784 0.359615 0.120433 0.216026 0.932277
0 0.144231 0.289583 0.08125 0.145833 0.935312
0 0.420913 0.646154 0.0557692 0.0647436 0.938407
0 0.729808 0.0738782 0.125962 0.144551 0.941425
0 0.68774 0.250481 0.125962 0.147756 0.962969
0 0.303365 0.557372 0.0692308 0.0884615 0.963547
0 0.261538 0.279968 0.0822115 0.1875 0.966312
