0 0.669111 0.580769 0.0550481 0.0442308 0.722284
0 0.0748798 0.757692 0.0199519 0.140385 0.725269
0 0.0516827 0.40609 0.0490385 0.0391026 0.727523
0 0.139303 0.746795 0.0213942 0.166026 0.733676
0 0.773438 0.940064 0.0194712 0.108974 0.735621
0 0.239303 0.516987 0.00985577 0.0358974 0.739291
0 0.367788 0.970994 0.0173077 0.0573718 0.741673
0 0.371875 0.838301 0.00528846 0.0246795 0.751995
0 0.678005 0.8 0.0233173 0.0487179 0.785748
0 0.346875 0.351122 0.00865385 0.0144231 0.78769
0 0.484255 0.89984 0.00889423 0.126603 0.796385
0 0.127524 0.608494 0.0348558 0.0951923 0.797983
0 0.313822 0.0161859 0.0584135 0.0304487 0.799789
0 0.349639 0.771154 0.0444712 0.400641 0.801978
0 0.130889 0.336859 0.0526442 0.0339744 0.816107
0 0.638462 0.112019 0.0125 0.0535256 0.822095
0 0.0981971 0.794551 0.193029 0.298077 0.833843
0 0.538101 0.657532 0.0223558 0.0246795 0.838889
0 0.90649 0.383974 0.0447115 0.0679487 0.840629
0 0.346034 0.132692 0.0146635 0.117949 0.842115
0 0.879687 0.872596 0.0536058 0.088782 0.846571
0 0.19399 0.351442 0.00817308 0.180449 0.853403
0 0.11875 0.375962 0.0923077 0.0602564 0.869781
0 0.880529 0.0373397 0.0788462 0.0746795 0.874342
0 0.623438 0.920833 0.0603365 0.141667 0.878183
0 0.453726 0.383494 0.0223558 0.0182692 0.880327
0 0.511538 0.938141 0.0182692 0.123718 0.881211
0 0.467187 0.79375 0.0257212 0.0644231 0.88339
0 0.612019 0.244872 0.0298077 0.0455128 0.889017
0 0.637019 0.0690705 0.0721154 0.0580128 0.889072
0 0.39976 0.441186 0.0567308 0.368269 0.892873
0 0.0764423 0.614744 0.152404 0.133974 0.895245
0 0.657091 0.852244 0.128125 0.270513 0.897553
0 0.395793 0.326763 0.20024 0.0560897 0.900104
0 0.8125 0.225481 0.0182692 0.0272436 0.90596
0 0.917548 0.777564 0.116827 0.0935897 0.90733
0 0.815024 0.886058 0.0574519 0.100962 0.910342
0 0.778606 0.564744 0.210096 0.0974359 0.914164
0 0.419952 0.663462 0.0201923 0.0429487 0.917869
0 0.421154 0.540224 0.0903846 0.129167 0.918721
0 0.499159 0.0586538 0.126683 0.0826923 0.938475
0 0.666587 0.221635 0.0475962 0.0586538 0.9401
0 0.253125 0.127244 0.05 0.119872 0.940191
0 0.267909 0.873718 0.0757212 0.252564 0.945673
0 0.684255 0.409135 0.145913 0.0804487 0.95088
0 0.188462 0.691346 0.0485577 0.258974 0.955023
