0 0.817668 0.579327 0.0103365 0.141987 0.714841
0 0.46274 0.649359 0.0846154 0.0769231 0.721252
0 0.453726 0.975 0.0353365 0.0487179 0.738616
0 0.566466 0.615224 0.053125 0.0464744 0.750358
0 0.531611 0.457853 0.00745192 0.0278846 0.751413
0 0.351562 0.0357372 0.0911058 0.0714744 0.75198
0 0.908173 0.294231 0.0110577 0.157051 0.755748
0 0.985457 0.883494 0.0233173 0.0875 0.758271
0 0.508894 0.49359 0.0269231 0.0185897 0.759809
0 0.706611 0.640385 0.0651442 0.0339744 0.763087
0 0.169231 0.352244 0.00673077 0.172436 0.765469
0 0.588462 0.94984 0.0201923 0.0983974 0.766225
0 0.0403846 0.0290064 0.0533654 0.0580128 0.772553
0 0.677885 0.47484 0.0216346 0.038141 0.776619
0 0.515385 0.661699 0.0495192 0.0458333 0.781493
0 0.327163 0.633654 0.00817308 0.119231 0.793134
0 0.891707 0.305288 0.0459135 0.2125 0.796658
0 0.477043 0.0991987 0.0180288 0.170833 0.809532
0 0.251442 0.0291667 0.0120192 0.0583333 0.812829
0 0.397476 0.844391 0.0223558 0.1375 0.816336
0 0.230168 0.728365 0.0185096 0.197756 0.817683
0 0.373558 0.943429 0.0658654 0.113141 0.825211
0 0.0373798 0.877564 0.0689904 0.0525641 0.836214
0 0.915385 0.538622 0.0216346 0.141987 0.849064
0 0.415625 0.243269 0.0774038 0.107051 0.849934
0 0.318029 0.330769 0.0254808 0.205769 0.850025
0 0.433293 0.447756 0.109856 0.130128 0.850496
0 0.828966 0.219872 0.0223558 0.119231 0.853149
0 0.0364183 0.308173 0.0117788 0.129167 0.854732
0 0.187861 0.955288 0.0161058 0.088782 0.860364
0 0.462861 0.405769 0.0242788 0.165385 0.864251
0 0.818389 0.929327 0.0608173 0.119551 0.86966
0 0.721875 0.681571 0.0259615 0.0669872 0.871206
0 0.413221 0.617308 0.075 0.117308 0.877775
0 0.0594952 0.825 0.0944712 0.075641 0.878331
0 0.623197 0.514103 0.0444712 0.0685897 0.886039
0 0.530529 0.225481 0.0495192 0.179808 0.888287
0 0.972236 0.458814 0.0319712 0.104167 0.888404
0 0.290986 0.229327 0.109375 0.158654 0.894263
0 0.667668 0.775641 0.0180288 0.188462 0.894813
0 0.913101 0.0626603 0.0295673 0.0375 0.894814
0 0.0338942 0.577244 0.0307692 0.366667 0.895707
0 0.450481 0.0378205 0.0716346 0.075641 0.90788
0 0.099399 0.350481 0.0194712 0.171474 0.907991
0 0.555769 0.364263 0.151923 0.0266026 0.908759
0 0.094351 0.617308 0.0257212 0.163462 0.91449
0 0.218389 0.587179 0.120913 0.0455128 0.915286
0 0.264183 0.771474 0.0221154 0.0929487 0.916031
0 0.895072 0.373397 0.0314904 0.0602564 0.916527
0 0.680649 0.540064 0.0550481 0.162821 0.918888
0 0.485337 0.265385 0.0456731 0.104487 0.919289
0 0.178726 0.549038 0.0838942 0.0871795 0.923496
0 0.14988 0.138942 0.0939904 0.147756 0.92425
0 0.460697 0.524359 0.071875 0.0916667 0.927173
0 0.378245 0.486058 0.0247596 0.0644231 0.929084
0 0.121514 0.0929487 0.071875 0.10641 0.93841
0 0.130168 0.86891 0.0492788 0.155128 0.942917
0 0.665024 0.207692 0.0949519 0.411538 0.945693
0 0.754928 0.343429 0.084375 0.129167 0.948636
0 0.75637 0.754808 0.102163 0.0826923 0.962999
0 0.571394 0.691987 0.0543269 0.0903846 0.970302
0 0.449159 0.778846 0.126202 0.0807692 0.972082
