0 0.828726 0.0886218 0.0141827 0.0246795 0.711972
0 0.812981 0.277564 0.0942308 0.0262821 0.764724
0 0.496755 0.371795 0.0108173 0.025641 0.831532
0 0.831851 0.929647 0.0334135 0.104167 0.832085
0 0.853606 0.0389423 0.0221154 0.0336538 0.838749
0 0.943029 0.255449 0.113942 0.20641 0.893407
0 0.146274 0.678045 0.0209135 0.0554487 0.897025
0 0.481611 0.688301 0.021875 0.0503205 0.908082
0 0.628245 0.579968 0.0896635 0.0714744 0.926441
0 0.967067 0.605128 0.0658654 0.0525641 0.93129
0 0.046274 0.435577 0.0598558 0.130128 0.932223
