0 0.734615 0.0559295 0.0350962 0.0182692 0.725623
0 0.28762 0.972115 0.105529 0.0519231 0.730658
0 0.560697 0.973878 0.194471 0.0349359 0.731521
0 0.683413 0.0278846 0.0298077 0.0166667 0.745804
0 0.747957 0.733654 0.0228365 0.0589744 0.749578
0 0.848918 0.0583333 0.0271635 0.0173077 0.755919
0 0.613462 0.459295 0.0783654 0.0397436 0.765963
0 0.511178 0.248397 0.11274 0.0410256 0.791289
0 0.290264 0.345032 0.0165865 0.140064 0.799497
0 0.407572 0.361699 0.0185096 0.0304487 0.823059
0 0.41899 0.147436 0.0153846 0.0698718 0.826532
0 0.131611 0.681731 0.071875 0.0269231 0.827886
0 0.570433 0.589744 0.00961538 0.108974 0.831706
0 0.983173 0.889583 0.0336538 0.100321 0.834394
0 0.654087 0.298237 0.0543269 0.0259615 0.846506
0 0.917548 0.713462 0.0298077 0.0980769 0.854358
0 0.872115 0.959936 0.0350962 0.0794872 0.86383
0 0.919471 0.0785256 0.0399038 0.0519231 0.877111
0 0.653846 0.414583 0.134135 0.0182692 0.879081
0 0.639784 0.0450321 0.0473558 0.0150641 0.883641
0 0.390745 0.724199 0.0603365 0.0676282 0.88906
0 0.807933 0.51234 0.226442 0.130449 0.890815
0 0.35601 0.11234 0.0774038 0.0278846 0.895923
0 0.610817 0.195192 0.0471154 0.0391026 0.901288
0 0.675721 0.604808 0.117308 0.0275641 0.903769
0 0.434255 0.0849359 0.0334135 0.103205 0.905497
0 0.496034 0.570032 0.00985577 0.0483974 0.905752
0 0.515865 0.38141 0.0302885 0.0198718 0.907664
0 0.771514 0.579167 0.0497596 0.0961538 0.913258
0 0.759615 0.890545 0.0778846 0.109936 0.917
0 0.191827 0.145513 0.0423077 0.278205 0.918001
0 0.551562 0.200321 0.0569712 0.102564 0.921196
0 0.475962 0.78141 0.255769 0.323718 0.922719
0 0.419351 0.481731 0.0324519 0.0294872 0.930018
0 0.408534 0.313942 0.040625 0.088141 0.936705
0 0.606971 0.854487 0.111058 0.0621795 0.954285
0 0.802163 0.223237 0.110577 0.0586538 0.959187
0 0.671995 0.347276 0.0637019 0.117628 0.963659
0 0.880048 0.344551 0.143269 0.103205 0.967573
0 0.941587 0.527083 0.0466346 0.0919872 0.969616
0 0.897236 0.132212 0.0262019 0.0208333 0.70641
0 0.292308 0.344551 0.0158654 0.135897 0.720278
0 0.885817 0.153205 0.0211538 0.0134615 0.722608
0 0.165144 0.853686 0.0129808 0.0163462 0.749273
0 0.0112981 0.609936 0.0211538 0.0538462 0.758899
0 0.536899 0.248237 0.188221 0.0663462 0.771596
0 0.734255 0.0565705 0.0387019 0.0201923 0.776588
0 0.849279 0.0592949 0.0317308 0.0205128 0.794578
0 0.684014 0.0278846 0.0319712 0.0179487 0.821703
0 0.407332 0.361538 0.0189904 0.0288462 0.827307
0 0.507212 0.250801 0.117308 0.0387821 0.828099
0 0.748197 0.735897 0.0247596 0.0653846 0.829023
0 0.285337 0.342628 0.0173077 0.141667 0.831796
0 0.610697 0.459936 0.0776442 0.0378205 0.841065
0 0.570072 0.588301 0.009375 0.109936 0.85244
0 0.872716 0.959455 0.0353365 0.0810897 0.860843
0 0.420072 0.147917 0.0161058 0.0727564 0.866112
0 0.983053 0.88766 0.0338942 0.0919872 0.869238
0 0.918389 0.719551 0.028125 0.0967949 0.875417
0 0.652524 0.414423 0.134375 0.0192308 0.88137
0 0.653005 0.297276 0.0651442 0.0310897 0.882002
0 0.433894 0.0802885 0.03125 0.0932692 0.882692
0 0.919471 0.0772436 0.0418269 0.0544872 0.883441
0 0.132452 0.681571 0.0711538 0.0259615 0.884129
0 0.79976 0.510096 0.2375 0.127885 0.886808
0 0.638942 0.044391 0.0475962 0.0163462 0.893909
0 0.495913 0.569872 0.00961538 0.0487179 0.895707
0 0.390024 0.723558 0.0632212 0.0708333 0.900417
0 0.551803 0.200481 0.0564904 0.103526 0.908892
0 0.771755 0.580128 0.0444712 0.0935897 0.912009
0 0.676322 0.604647 0.11899 0.0285256 0.913021
0 0.357212 0.11234 0.0730769 0.0266026 0.915942
0 0.610937 0.195673 0.0439904 0.0375 0.918078
0 0.192308 0.145673 0.0418269 0.279808 0.924422
0 0.516707 0.38109 0.0310096 0.0205128 0.924775
0 0.760337 0.891026 0.0788462 0.108974 0.931267
0 0.469952 0.784295 0.252404 0.330128 0.931932
0 0.419351 0.48141 0.0324519 0.0282051 0.933891
0 0.408534 0.312981 0.0396635 0.0875 0.9448
0 0.607813 0.854487 0.111779 0.0628205 0.950913
0 0.802764 0.223397 0.107933 0.0576923 0.964052
0 0.671875 0.347436 0.0634615 0.117949 0.96855
0 0.880048 0.345032 0.145192 0.100962 0.969004
0 0.940986 0.527724 0.0473558 0.0951923 0.976692
0 0.897236 0.132212 0.0262019 0.0208333 0.70641
0 0.292308 0.344551 0.0158654 0.135897 0.720278
0 0.885817 0.153205 0.0211538 0.0134615 0.722608
0 0.165144 0.853686 0.0129808 0.0163462 0.749273
0 0.0112981 0.609936 0.0211538 0.0538462 0.758899
0 0.536899 0.248237 0.188221 0.0663462 0.771596
0 0.734255 0.0565705 0.0387019 0.0201923 0.776588
0 0.849279 0.0592949 0.0317308 0.0205128 0.794578
0 0.684014 0.0278846 0.0319712 0.0179487 0.821703
0 0.407332 0.361538 0.0189904 0.0288462 0.827307
0 0.507212 0.250801 0.117308 0.0387821 0.828099
0 0.748197 0.735897 0.0247596 0.0653846 0.829023
0 0.285337 0.342628 0.0173077 0.141667 0.831796
0 0.610697 0.459936 0.0776442 0.0378205 0.841065
0 0.570072 0.588301 0.009375 0.109936 0.85244
0 0.872716 0.959455 0.0353365 0.0810897 0.860843
0 0.420072 0.147917 0.0161058 0.0727564 0.866112
0 0.983053 0.88766 0.0338942 0.0919872 0.869238
0 0.918389 0.719551 0.028125 0.0967949 0.875417
0 0.652524 0.414423 0.134375 0.0192308 0.88137
0 0.653005 0.297276 0.0651442 0.0310897 0.882002
0 0.433894 0.0802885 0.03125 0.0932692 0.882692
0 0.919471 0.0772436 0.0418269 0.0544872 0.883441
0 0.132452 0.681571 0.0711538 0.0259615 0.884129
0 0.79976 0.510096 0.2375 0.127885 0.886808
0 0.638942 0.044391 0.0475962 0.0163462 0.893909
0 0.495913 0.569872 0.00961538 0.0487179 0.895707
0 0.390024 0.723558 0.0632212 0.0708333 0.900417
0 0.551803 0.200481 0.0564904 0.103526 0.908892
0 0.771755 0.580128 0.0444712 0.0935897 0.912009
0 0.676322 0.604647 0.11899 0.0285256 0.913021
0 0.357212 0.11234 0.0730769 0.0266026 0.915942
0 0.610937 0.195673 0.0439904 0.0375 0.918078
0 0.192308 0.145673 0.0418269 0.279808 0.924422
0 0.516707 0.38109 0.0310096 0.0205128 0.924775
0 0.760337 0.891026 0.0788462 0.108974 0.931267
0 0.469952 0.784295 0.252404 0.330128 0.931932
0 0.419351 0.48141 0.0324519 0.0282051 0.933891
0 0.408534 0.312981 0.0396635 0.0875 0.9448
0 0.607813 0.854487 0.111779 0.0628205 0.950913
0 0.802764 0.223397 0.107933 0.0576923 0.964052
0 0.671875 0.347436 0.0634615 0.117949 0.96855
0 0.880048 0.345032 0.145192 0.100962 0.969004
0 0.940986 0.527724 0.0473558 0.0951923 0.976692
