0 0.694952 0.967628 0.0451923 0.0634615 0.703849
0 0.494952 0.760096 0.0855769 0.0240385 0.803871
0 0.86262 0.147115 0.0185096 0.0160256 0.808928
0 0.70024 0.137019 0.0927885 0.0272436 0.81299
0 0.723798 0.196955 0.1625 0.0708333 0.823896
0 0.70601 0.93109 0.0951923 0.0179487 0.836091
0 0.889904 0.301763 0.167308 0.063141 0.851423
0 0.711298 0.0461538 0.08125 0.0871795 0.871429
0 0.98101 0.675321 0.0293269 0.103205 0.883271
0 0.611178 0.727404 0.0425481 0.0439103 0.888388
0 0.274519 0.383494 0.153846 0.0323718 0.889613
0 0.758413 0.375641 0.373077 0.139103 0.90887
0 0.639183 0.511538 0.0932692 0.108974 0.910606
0 0.953846 0.0823718 0.0307692 0.0461538 0.914624
0 0.577524 0.107532 0.135817 0.0400641 0.922278
0 0.402524 0.250321 0.0512019 0.0666667 0.925182
0 0.529447 0.838462 0.0896635 0.0564103 0.928336
0 0.739423 0.624359 0.0951923 0.0358974 0.935142
0 0.384856 0.0625 0.04375 0.099359 0.935198
0 0.520553 0.903526 0.0963942 0.104487 0.940485
0 0.910096 0.123878 0.114423 0.158013 0.954796
0 0.488942 0.325641 0.0572115 0.0621795 0.960058
