0 0.744111 0.441026 0.0127404 0.0166667 0.711395
0 0.786418 0.479487 0.0108173 0.0160256 0.715304
0 0.849519 0.837981 0.0211538 0.0727564 0.72573
0 0.804327 0.0951923 0.00625 0.0275641 0.753335
0 0.0878606 0.580449 0.0252404 0.141667 0.768164
0 0.217067 0.0679487 0.00961538 0.0820513 0.783295
0 0.0423077 0.0472756 0.0399038 0.0939103 0.792148
0 0.955168 0.498077 0.0194712 0.0788462 0.793177
0 0.774038 0.370032 0.025 0.0522436 0.80191
0 0.446034 0.364103 0.0723558 0.024359 0.811565
0 0.606971 0.611058 0.0451923 0.0221154 0.817394
0 0.114183 0.775321 0.0298077 0.0878205 0.8277
0 0.280529 0.58734 0.0110577 0.0535256 0.832865
0 0.0951923 0.350481 0.0144231 0.141346 0.835958
0 0.483654 0.647436 0.0442308 0.0769231 0.862008
0 0.71274 0.235897 0.0211538 0.0897436 0.87569
0 0.839663 0.449359 0.0298077 0.0846154 0.877053
0 0.93125 0.263782 0.132692 0.222436 0.880436
0 0.698197 0.88766 0.0545673 0.157372 0.903328
0 0.800361 0.621474 0.0632212 0.0282051 0.906495
0 0.320913 0.46875 0.0182692 0.0413462 0.909994
0 0.902764 0.703365 0.0372596 0.233013 0.911337
0 0.879447 0.463782 0.0550481 0.0935897 0.913361
0 0.785697 0.522276 0.0223558 0.124679 0.913806
0 0.635697 0.330609 0.0569712 0.0913462 0.916648
0 0.567308 0.213782 0.0817308 0.379487 0.920522
0 0.754447 0.701282 0.0439904 0.0974359 0.934407
0 0.38113 0.72484 0.101202 0.0695513 0.942251
0 0.529207 0.496314 0.0362981 0.0580128 0.949832
0 0.640625 0.705929 0.0831731 0.0721154 0.955553
