0 0.564423 0.618109 0.0552885 0.0496795 0.702258
0 0.905649 0.306891 0.0132212 0.164423 0.714593
0 0.868029 0.449359 0.0105769 0.0141026 0.725288
0 0.409976 0.651603 0.0887019 0.0878205 0.725369
0 0.509976 0.652724 0.0492788 0.0573718 0.744067
0 0.815264 0.587821 0.0127404 0.154487 0.744452
0 0.328005 0.638942 0.009375 0.116987 0.75584
0 0.507212 0.494712 0.0336538 0.0189103 0.759809
0 0.466827 0.655769 0.0798077 0.0628205 0.772961
0 0.589063 0.952083 0.0189904 0.0951923 0.778214
0 0.72524 0.680288 0.0264423 0.0625 0.778536
0 0.531611 0.458333 0.00745192 0.0320513 0.778681
0 0.230168 0.91875 0.0742788 0.0817308 0.781129
0 0.397716 0.848077 0.0204327 0.134615 0.79509
0 0.341106 0.0330128 0.08125 0.0660256 0.795508
0 0.170072 0.351763 0.00649038 0.183654 0.811295
0 0.250721 0.0301282 0.0105769 0.0602564 0.8129
0 0.986418 0.8875 0.0228365 0.0865385 0.823326
0 0.0378606 0.307692 0.0122596 0.141026 0.828983
0 0.477764 0.10641 0.0170673 0.178846 0.831655
0 0.435457 0.452083 0.101683 0.13109 0.837642
0 0.374639 0.946795 0.0608173 0.105128 0.841513
0 0.23113 0.728686 0.0185096 0.211859 0.842404
0 0.915986 0.545994 0.0237981 0.159295 0.845893
0 0.403005 0.607532 0.0632212 0.113141 0.846395
0 0.0376202 0.878205 0.0737981 0.0551282 0.848523
0 0.826442 0.225 0.0259615 0.130769 0.856452
0 0.824639 0.936859 0.053125 0.112179 0.864337
0 0.622115 0.515865 0.0399038 0.0695513 0.864929
0 0.315505 0.326923 0.0271635 0.187821 0.865231
0 0.463942 0.411218 0.0221154 0.164744 0.865771
0 0.554688 0.364904 0.13726 0.0233974 0.868672
0 0.18762 0.955128 0.0189904 0.0897436 0.869003
0 0.53101 0.228365 0.0509615 0.197115 0.87451
0 0.892788 0.303365 0.0403846 0.205449 0.88013
0 0.0354567 0.575 0.0319712 0.358333 0.883667
0 0.897236 0.372756 0.0295673 0.0551282 0.890572
0 0.668029 0.772115 0.0192308 0.203846 0.892099
0 0.422115 0.235897 0.0692308 0.103205 0.892657
0 0.969351 0.462019 0.0310096 0.117628 0.893106
0 0.226202 0.588141 0.134615 0.0467949 0.893761
0 0.913462 0.0620192 0.0302885 0.0349359 0.897385
0 0.0622596 0.827083 0.0956731 0.0778846 0.901931
0 0.683173 0.537019 0.0514423 0.138782 0.902277
0 0.0995192 0.355128 0.0192308 0.176282 0.903907
0 0.48726 0.271314 0.0485577 0.102885 0.910604
0 0.296514 0.23125 0.11899 0.16891 0.916208
0 0.45012 0.0358974 0.0709135 0.0698718 0.918085
0 0.176923 0.55016 0.0894231 0.0875 0.920399
0 0.096274 0.620994 0.0262019 0.166987 0.922996
0 0.264904 0.773397 0.0230769 0.0974359 0.925106
0 0.150962 0.138622 0.0956731 0.149679 0.928951
0 0.378486 0.488782 0.0262019 0.0673077 0.929195
0 0.460096 0.526282 0.0697115 0.0916667 0.935205
0 0.121755 0.0927885 0.0709135 0.108013 0.937741
0 0.130288 0.86891 0.0475962 0.154487 0.939873
0 0.665865 0.208814 0.09375 0.414423 0.947391
0 0.754928 0.345513 0.0829327 0.130128 0.950391
0 0.449519 0.779327 0.123077 0.0804487 0.960271
0 0.755529 0.755769 0.0947115 0.0788462 0.962769
0 0.571755 0.694071 0.0550481 0.0945513 0.968722
