0 0.288942 0.979808 0.0298077 0.0403846 0.72012
0 0.382572 0.0713141 0.0430288 0.142628 0.724095
0 0.776442 0.747917 0.0274038 0.0663462 0.730141
0 0.448798 0.433013 0.0182692 0.209615 0.765679
0 0.351803 0.376122 0.0286058 0.183013 0.780745
0 0.876442 0.303846 0.0673077 0.0384615 0.788339
0 0.223197 0.791506 0.10649 0.0419872 0.813975
0 0.304447 0.308814 0.116106 0.0176282 0.832005
0 0.889904 0.488141 0.0144231 0.172436 0.833355
0 0.817548 0.9375 0.0841346 0.123718 0.834092
0 0.520433 0.082532 0.0831731 0.0516026 0.841394
0 0.204688 0.0804487 0.0449519 0.0935897 0.845714
0 0.0254808 0.308333 0.0153846 0.225641 0.861965
0 0.504447 0.467308 0.108894 0.101282 0.878418
0 0.359495 0.845353 0.0766827 0.0810897 0.883588
0 0.304808 0.591346 0.105288 0.0903846 0.885476
0 0.371274 0.679006 0.0973558 0.266987 0.894316
0 0.158654 0.834455 0.0932692 0.182372 0.901645
0 0.628726 0.282692 0.0930288 0.0955128 0.91048
0 0.616707 0.66234 0.0512019 0.172115 0.912117
0 0.515024 0.773718 0.0915865 0.225 0.933785
0 0.0836538 0.572115 0.0745192 0.105128 0.937314
0 0.107933 0.369551 0.0442308 0.148718 0.950112
0 0.16899 0.196154 0.247596 0.333974 0.954562
