0 0.935817 0.943109 0.0461538 0.108654 0.713766
0 0.445312 0.634776 0.0223558 0.0285256 0.719749
0 0.629687 0.759615 0.191106 0.114744 0.740488
0 0.43137 0.530449 0.0228365 0.0224359 0.742411
0 0.585577 0.395353 0.0149038 0.140064 0.749842
0 0.159375 0.355609 0.0211538 0.011859 0.750899
0 0.172236 0.160417 0.0151442 0.320833 0.754988
0 0.61226 0.0798077 0.0379808 0.0352564 0.755767
0 0.617668 0.403365 0.00697115 0.0516026 0.761649
0 0.430889 0.0599359 0.0564904 0.111538 0.78189
0 0.825721 0.446154 0.0774038 0.0762821 0.783637
0 0.376082 0.542147 0.0338942 0.0432692 0.788423
0 0.737139 0.487019 0.0348558 0.0259615 0.824447
0 0.198077 0.136859 0.03125 0.0679487 0.835467
0 0.518269 0.452564 0.177404 0.0391026 0.845014
0 0.660697 0.403526 0.00793269 0.05 0.853952
0 0.582933 0.0586538 0.166827 0.0352564 0.855221
0 0.962861 0.288462 0.0737981 0.024359 0.858577
0 0.48137 0.755609 0.0271635 0.0214744 0.865173
0 0.872236 0.611218 0.0266827 0.144231 0.877772
0 0.255048 0.275481 0.0153846 0.0669872 0.87875
0 0.231971 0.171314 0.0293269 0.0266026 0.883165
0 0.759736 0.655769 0.0286058 0.0878205 0.887053
0 0.415385 0.326923 0.0442308 0.245513 0.888046
0 0.823197 0.872596 0.0733173 0.0233974 0.890901
0 0.0522837 0.242468 0.101202 0.0355769 0.891009
0 0.968029 0.0570513 0.0634615 0.0807692 0.892311
0 0.302885 0.0709936 0.0456731 0.113141 0.895139
0 0.0355769 0.110577 0.0668269 0.0929487 0.900498
0 0.547716 0.154647 0.096875 0.0599359 0.902837
0 0.0846154 0.127083 0.0423077 0.0733974 0.905069
0 0.0864183 0.65609 0.0262019 0.182692 0.905283
0 0.0742788 0.424199 0.148558 0.127885 0.909458
0 0.625 0.796154 0.0567308 0.115385 0.916757
0 0.491466 0.379968 0.115144 0.0253205 0.917252
0 0.647596 0.59407 0.0307692 0.0201923 0.918847
0 0.510216 0.563622 0.14351 0.0253205 0.930051
0 0.751923 0.258173 0.0644231 0.0708333 0.931871
0 0.33137 0.489904 0.173317 0.136218 0.946517
0 0.223798 0.473878 0.0639423 0.105449 0.953549
0 0.666827 0.225962 0.211538 0.307692 0.954854
0 0.413462 0.126763 0.0754808 0.0964744 0.955605
0 0.276322 0.666987 0.16899 0.132692 0.964069
0 0.356731 0.793429 0.119231 0.0554487 0.966464
0 0.495072 0.640865 0.0622596 0.1375 0.977431
0 0.227524 0.223878 0.128125 0.11891 0.982887
