0 0.872356 0.761859 0.226442 0.0416667 0.732778
0 0.955769 0.139103 0.0870192 0.0326923 0.752496
0 0.528005 0.738301 0.0146635 0.0157051 0.761737
0 0.468029 0.650321 0.0120192 0.0314103 0.79172
0 0.313822 0.406731 0.215144 0.0288462 0.800332
0 0.246394 0.960737 0.0509615 0.0708333 0.802506
0 0.461058 0.582532 0.0269231 0.0862179 0.853189
0 0.660697 0.25016 0.107452 0.0785256 0.862042
0 0.319351 0.0616987 0.185817 0.036859 0.871059
0 0.694712 0.932372 0.0211538 0.0275641 0.881608
0 0.322596 0.659455 0.0471154 0.149038 0.908906
0 0.510096 0.701442 0.0245192 0.0657051 0.912851
0 0.460817 0.908333 0.196635 0.179487 0.915708
0 0.80637 0.450481 0.248317 0.0900641 0.923509
0 0.517428 0.597756 0.0319712 0.1 0.929534
0 0.864904 0.296635 0.0375 0.215705 0.943693
0 0.175 0.673558 0.206731 0.0907051 0.948269
0 0.578125 0.479167 0.0485577 0.158333 0.960884
0 0.682692 0.137019 0.201923 0.204167 0.961084
0 0.489904 0.474519 0.111538 0.100321 0.964981
