Scratch 207 344 217 355
Scratch 166 383 177 404
Scratch 73 449 90 473
Scratch 106 474 111 480
Scratch 99 508 103 522
Scratch 146 507 165 511
Scratch 121 557 226 584
Scratch 1 505 76 564
Scratch 176 469 246 492
Scratch 367 511 378 573
Scratch 534 447 539 499
Scratch 543 448 549 495
Scratch 582 492 636 567
Scratch 572 242 581 333
Scratch 463 301 470 336
Scratch 499 376 591 394
Scratch 283 358 366 398
Scratch 168 255 265 296
Scratch 145 235 166 345
Scratch 3 396 43 401
Scratch 1 319 9 329
Scratch 1 336 66 345
Scratch 1 346 63 355
Scratch 47 354 57 371
Scratch 1 357 78 368
Scratch 56 216 76 350
Scratch 27 242 43 257
Scratch 9 223 19 308
Scratch 47 86 161 295
Scratch 1 177 85 213
Scratch 61 47 138 87
Scratch 312 132 349 225
Scratch 188 51 292 173
Scratch 496 55 529 91
Scratch 455 147 500 170
Scratch 541 109 641 116
Scratch 511 1 591 104
Scratch 428 412 444 431
Scratch 163 45 175 51
Scratch 293 333 309 341
Scratch 397 326 405 334
