Scratch 183 625 233 632
Scratch 182 616 235 623
Scratch 98 597 109 606
Scratch 100 454 156 479
Scratch 75 215 90 325
Scratch 71 217 85 325
Scratch 158 262 186 325
Scratch 260 351 308 432
Scratch 340 519 376 533
Scratch 284 581 313 639
Scratch 284 566 303 641
Scratch 360 622 443 640
Scratch 506 496 529 532
Scratch 441 342 530 393
Scratch 537 345 558 362
Scratch 351 224 397 305
Scratch 304 206 411 222
Scratch 243 233 270 251
Scratch 169 154 193 176
Scratch 186 201 197 213
Scratch 98 129 138 166
Scratch 81 125 115 142
Scratch 70 1 87 117
Scratch 1 14 16 22
Scratch 174 1 186 10
Scratch 237 77 243 115
Scratch 266 115 286 129
Scratch 286 43 291 130
Scratch 270 64 285 146
Scratch 291 45 310 129
Scratch 258 1 316 67
Scratch 326 57 413 80
Scratch 287 107 425 142
Scratch 552 88 594 156
Scratch 529 1 542 48
Scratch 413 1 463 122
Scratch 354 92 559 187
Scratch 241 505 261 518
Scratch 312 374 378 408
Scratch 90 545 154 627
