0 0.150162 0.791973 0.15016199999999996 0.15625
0 0.327516 0.585478 0.15016200000000002 0.053922000000000025
0 0.348011 0.850031 0.027191999999999994 0.16636000000000006
0 0.490869 0.805607 0.10592500000000005 0.039521999999999946
0 0.495333 0.869332 0.1189119999999999 0.06280600000000003
0 0.403003 0.634498 0.046265999999999974 0.042278999999999956
0 0.50345 0.676164 0.08806800000000004 0.053922000000000025
0 0.602881 0.557904 0.148945 0.042278999999999956
0 0.5618910000000001 0.423407 0.12865300000000002 0.08333299999999999
0 0.233157 0.259498 0.145698 0.239583
0 0.266234 0.09574099999999999 0.06087699999999996 0.018075999999999995
0 0.563312 0.24080900000000002 0.07386400000000004 0.09252500000000002
0 0.67776 0.216912 0.065747 0.200368
0 0.277597 0.313113 0.043018999999999974 0.131127
0 0.030844000000000003 0.094056 0.021916000000000005 0.050245
0 0.02151 0.24892800000000004 0.028409000000000004 0.024202999999999975
0 0.296875 0.8592220000000002 0.023133000000000015 0.09038000000000002
0 0.47118499999999996 0.111979 0.378247 0.223346
0 0.42938300000000007 0.015472 0.04058400000000001 0.030330999999999997
0 0.268872 0.18811299999999997 0.138393 0.006739999999999996
0 0.262784 0.178462 0.13271100000000002 0.024203000000000002
0 0.24959399999999998 0.412071 0.19642899999999996 0.05882399999999999
0 0.11526 0.429075 0.199675 0.303002
0 0.11181 0.611979 0.129464 0.053001999999999994
0 0.046063 0.265931 0.04180199999999999 0.16727900000000007
0 0.184456 0.009957 0.010957999999999996 0.018075999999999995
