0 0.3065259999999999 0.099229 0.15655600000000003 0.150568
0 0.488205 0.07082 0.09834600000000004 0.073458
0 0.06816800000000006 0.117086 0.03094399999999997 0.104302
0 0.276961 0.277394 0.09681399999999996 0.058035999999999976
0 0.29473 0.5383520000000002 0.04534300000000002 0.19683400000000006
0 0.046875 0.344156 0.09375 0.10957800000000001
0 0.544424 0.594156 0.10477899999999996 0.10957799999999995
0 0.08685699999999996 0.58888 0.04013500000000003 0.22240299999999996
0 0.369945 0.7851059999999999 0.06586999999999998 0.16598999999999997
0 0.48085199999999995 0.913555 0.13572300000000004 0.17289
0 0.157169 0.952922 0.03615199999999996 0.0941559999999999
0 0.11075400000000002 0.917005 0.053001999999999994 0.15056800000000004
0 0.033854000000000106 0.95069 0.063419 0.09861999999999993
0 0.075214 0.9133519999999999 0.043811000000000044 0.16598999999999997
0 0.270067 0.95069 0.06403199999999998 0.041802000000000006
0 0.534467 0.32609600000000005 0.07935000000000003 0.07183400000000001
0 0.6659010000000001 0.17025200000000001 0.12346800000000002 0.058036000000000004
0 0.6557899999999999 0.285106 0.11427700000000007 0.15137999999999996
0 0.717525 0.094359 0.08394599999999997 0.052354
0 0.788297 0.345576 0.12990199999999996 0.116477
0 0.626532 0.467735 0.04779399999999989 0.18141199999999996
0 0.8458950000000001 0.515016 0.07536799999999999 0.16152600000000006
0 0.42616399999999993 0.21712700000000001 0.04289200000000004 0.11526000000000003
0 0.940717 0.17775999999999997 0.05851700000000004 0.08766199999999999
0 0.987439 0.614245 0.02328399999999997 0.04586000000000001
0 0.869945 0.786932 0.09957100000000008 0.04707799999999995
0 0.411918 0.423295 0.019913999999999987 0.015421999999999991
0 0.6413909999999999 0.9034089999999999 0.013174000000000019 0.15259699999999998
