0 0.324295 0.980722 0.07935000000000003 0.010958000000000023
0 0.32506100000000004 0.9669240000000001 0.08272100000000004 0.01176900000000003
0 0.16069199999999995 0.939529 0.017463000000000006 0.014610000000000012
0 0.19929499999999994 0.727881 0.08792900000000003 0.038555000000000006
0 0.128064 0.421266 0.02328399999999997 0.17126600000000003
0 0.12055800000000005 0.422484 0.021751999999999994 0.16883100000000006
0 0.2680759999999999 0.458401 0.04473000000000005 0.09862000000000004
0 0.4430150000000001 0.6109980000000002 0.07536799999999999 0.12540600000000002
0 0.558517 0.821023 0.056373000000000006 0.02110400000000001
0 0.46599299999999994 0.951705 0.04473000000000005 0.09090900000000002
0 0.4584869999999999 0.942167 0.029718000000000022 0.11566600000000005
0 0.626838 0.98538975 0.12990199999999996 0.029220499999999983
0 0.807904 0.802354 0.03492600000000001 0.056006
0 0.757812 0.573661 0.13817400000000002 0.07913999999999999
0 0.854626 0.5517449999999999 0.03400700000000012 0.02637999999999996
0 0.583487 0.41254100000000005 0.07138500000000003 0.127029
0 0.558211 0.33401 0.1678920000000001 0.025162000000000018
0 0.39966300000000005 0.377435 0.04135999999999995 0.028409000000000018
0 0.28155600000000003 0.257305 0.037376999999999994 0.03409099999999998
0 0.29856000000000005 0.323052 0.01807599999999998 0.01866899999999999
0 0.1830580000000001 0.22991100000000006 0.06219399999999997 0.05803600000000003
0 0.15211399999999997 0.208401 0.053001999999999994 0.026379999999999987
0 0.12178299999999992 0.091315 0.025429000000000035 0.181818
0 0.01179524999999998 0.026786 0.02359049999999996 0.012174999999999998
0 0.28079 0.007914 0.019301000000000013 0.015015999999999998
0 0.37423399999999996 0.149351 0.010723000000000038 0.059253
0 0.43076000000000003 0.189935 0.030637000000000025 0.02191599999999999
0 0.45006100000000004 0.134334 0.006739999999999968 0.137175
0 0.432751 0.162946 0.02481599999999995 0.12865299999999996
0 0.46875 0.134943 0.030637000000000025 0.131899
0 0.44760999999999995 0.052354 0.08946100000000001 0.10389600000000002
0 0.57598 0.105925 0.13602899999999996 0.036526
0 0.5553 0.19419600000000004 0.2153799999999999 0.054789000000000004
0 0.8947609999999999 0.189123 0.06464499999999995 0.10633100000000001
0 0.835938 0.03693199999999999 0.019913999999999987 0.073052
0 0.6839770000000001 0.095576 0.07873800000000009 0.188718
0 0.712623 0.21773500000000004 0.321078 0.14813300000000001
0 0.391391 0.7984979999999999 0.029718000000000022 0.01988599999999996
0 0.538756 0.61039 0.10263500000000003 0.053571000000000035
0 0.19041100000000005 0.914773 0.10018399999999994 0.12743499999999996
