0 0.34926499999999994 0.7512179999999999 0.038603 0.242695
0 0.280637 0.594156 0.038603 0.13474000000000008
0 0.346967 0.4308039999999999 0.046875 0.12865300000000002
0 0.529105 0.792411 0.08639700000000006 0.10917200000000005
0 0.711703 0.755479 0.11090699999999998 0.01826300000000003
0 0.734835 0.8027599999999999 0.04932599999999998 0.066558
0 0.668505 0.36343299999999995 0.12377499999999997 0.045049000000000006
0 0.899816 0.495942 0.033088000000000006 0.09821400000000002
0 0.811887 0.21063299999999996 0.15379900000000002 0.16396100000000002
0 0.722733 0.06310899999999992 0.308824 0.11891200000000002
0 0.577053 0.934253 0.011948999999999987 0.13068199999999996
0 0.732996 0.520089 0.11427699999999996 0.02313300000000007
0 0.832721 0.504667 0.04718100000000003 0.032062000000000035
0 0.861213 0.416396 0.01838200000000001 0.05032499999999995
0 0.8621320000000001 0.360998 0.011642000000000041 0.03612000000000004
0 0.828125 0.42126600000000003 0.009804000000000035 0.03814899999999999
0 0.811428 0.41741100000000003 0.008271999999999946 0.02637999999999996
0 0.488511 0.568385 0.029718000000000022 0.016639999999999988
0 0.482077 0.5371349999999999 0.029718000000000022 0.041802000000000006
0 0.432292 0.977476 0.061275000000000024 0.025568000000000035
