0 0.038961 0.21032499999999998 0.07711 0.14246299999999998
0 0.078125 0.524203 0.12784099999999998 0.07475499999999996
0 0.194196 0.762255 0.04667199999999999 0.10048999999999997
0 0.260552 0.16161200000000003 0.055194999999999994 0.038297
0 0.28551100000000007 0.408854 0.023133000000000015 0.061581
0 0.432427 0.074449 0.17897699999999994 0.015319
0 0.38332 0.031863 0.06858799999999998 0.06004899999999999
0 0.6879059999999999 0.23851099999999997 0.09009699999999998 0.06403199999999998
0 0.730925 0.223346 0.02110400000000001 0.110294
0 0.967938 0.21920999999999996 0.027596999999999983 0.12775699999999998
0 0.9864039999999998 0.321078 0.02637999999999996 0.04718099999999997
0 0.445211 0.337623 0.027596999999999983 0.118873
0 0.5963879999999999 0.494638 0.05073099999999997 0.08792899999999998
0 0.767654 0.4589460000000001 0.13595800000000002 0.12132400000000004
0 0.9707789999999998 0.520067 0.058441999999999994 0.17984099999999997
0 0.9707789999999998 0.393689 0.058441999999999994 0.02328399999999997
0 0.40970000000000006 0.507659 0.071023 0.020833000000000046
0 0.26400200000000007 0.5758269999999999 0.01582800000000001 0.03278199999999998
0 0.009131 0.621017 0.017451 0.03247500000000003
0 0.43263 0.637561 0.025162000000000018 0.08149499999999998
0 0.548701 0.71538 0.06493499999999996 0.123162
0 0.6546270000000001 0.697763 0.073052 0.07322300000000004
0 0.045252 0.954044 0.089692 0.039827999999999975
0 0.33664800000000006 0.896906 0.16193200000000002 0.07260999999999995
0 0.578734 0.835631 0.02110400000000001 0.05974299999999999
0 0.844968 0.5759799999999999 0.09902600000000006 0.025734999999999952
0 0.987622 0.731158 0.024756 0.03155600000000003
