0 0.052237000000000006 0.016437 0.022365000000000003 0.029627
0 0.058517 0.10349 0.007966 0.013799000000000006
0 0.408548 0.050731 0.03278199999999998 0.024351000000000005
0 0.23759200000000003 0.129261 0.14491400000000002 0.04099000000000001
0 0.18734700000000004 0.215909 0.043199000000000015 0.014610000000000012
0 0.16682 0.199878 0.146752 0.028815000000000007
0 0.351869 0.367289 0.05790400000000001 0.09334399999999998
0 0.22932 0.410106 0.04197299999999998 0.07751600000000003
0 0.33027 0.21124200000000004 0.17830899999999997 0.051542000000000004
0 0.025582 0.589286 0.050551 0.01948099999999997
0 0.16682000000000002 0.638596 0.062806 0.05478899999999998
0 0.37163 0.698661 0.07230399999999998 0.04748399999999997
0 0.259344 0.08543 0.045649999999999996 0.030438000000000007
0 0.323836 0.061891 0.015319000000000027 0.079951
0 0.49617 0.03470000000000001 0.058516999999999986 0.064529
0 0.613664 0.008117 0.007353000000000054 0.014609999999999998
0 0.6579350000000002 0.076096 0.029105000000000047 0.15056800000000004
0 0.504902 0.279018 0.019608000000000014 0.029627000000000014
0 0.401501 0.43993499999999996 0.03584599999999999 0.011363999999999985
0 0.578278 0.384537 0.11182599999999998 0.029627000000000014
0 0.7409620000000001 0.31595 0.02359100000000003 0.17086
0 0.77788 0.06554400000000002 0.020221000000000044 0.130276
0 0.9142160000000001 0.08502399999999999 0.01041700000000001 0.163555
0 0.92356 0.369927 0.11427699999999996 0.03043800000000002
0 0.921875 0.250609 0.007353000000000054 0.03693199999999999
0 0.650123 0.7629870000000001 0.09068600000000004 0.21590900000000002
0 0.832567 0.785511 0.13327200000000006 0.304789
0 0.957721 0.284294 0.01593100000000003 0.256899
0 0.959712 0.560268 0.022364999999999968 0.29261399999999993
0 0.958027 0.854099 0.015318999999999972 0.29017899999999996
0 0.671875 0.848823 0.014705999999999997 0.3007310000000001
0 0.536152 0.621956 0.07291699999999995 0.04342500000000005
0 0.195772 0.8967129999999999 0.125 0.020697999999999994
