0 0.240196 0.970982 0.11397099999999999 0.02313300000000007
0 0.491422 0.7534500000000001 0.09865199999999996 0.09293799999999997
0 0.289982 0.7394480000000001 0.029718000000000022 0.012174999999999936
0 0.844363 0.549513 0.014093000000000022 0.13961
0 0.74617 0.744318 0.04135999999999995 0.015421999999999936
0 0.43949099999999997 0.067776 0.085478 0.117695
0 0.317708 0.49797100000000005 0.026961000000000013 0.020291999999999977
0 0.629289 0.28145299999999995 0.079044 0.07913999999999999
0 0.521752 0.986201 0.08639699999999989 0.026785999999999976
0 0.577665 0.645089 0.013786999999999994 0.06047100000000005
0 0.5696999999999999 0.8912340000000001 0.061581 0.01948099999999997
0 0.9814639999999999 0.6836439999999999 0.037070999999999965 0.02962700000000007
0 0.351869 0.457589 0.008272000000000002 0.014205000000000023
0 0.369485 0.4137579999999999 0.016544000000000003 0.03612000000000004
0 0.372243 0.40117699999999995 0.08210800000000001 0.107549
0 0.4903489999999999 0.945211 0.36427699999999996 0.021916000000000047
0 0.622396 0.870942 0.184743 0.04707799999999995
0 0.3197 0.7148939999999999 0.011336000000000013 0.017450999999999994
