0 0.6503650000000001 0.742494 0.170049 0.07751200000000003
0 0.772524 0.603248 0.03125 0.129289
0 0.623782 0.935355 0.03896100000000002 0.129289
0 0.569196 0.950827 0.34780800000000006 0.09834600000000004
0 0.220576 0.8197000000000001 0.43871799999999994 0.12101700000000004
0 0.189529 0.93367 0.378247 0.10202199999999995
0 0.217127 0.977788 0.030032000000000003 0.04442400000000002
0 0.060877 0.669884 0.10064900000000002 0.08302699999999996
0 0.033888 0.386489 0.057224 0.107537
0 0.132508 0.139093 0.04991899999999999 0.060049000000000005
0 0.442167 0.232843 0.16355500000000006 0.10784299999999997
0 0.673295 0.203891 0.08360400000000001 0.10508600000000001
0 0.9446020000000002 0.271599 0.05641200000000002 0.061581
0 0.846591 0.378217 0.059253 0.06709599999999999
0 0.9705759999999999 0.870251 0.05884699999999998 0.05606599999999995
0 0.701705 0.51011 0.025162000000000018 0.022672000000000025
0 0.477881 0.612439 0.09537299999999999 0.017156999999999978
0 0.35694 0.494026 0.10348999999999997 0.12101700000000004
0 0.466112 0.43872500000000003 0.04423699999999997 0.086397
0 0.350244 0.594516 0.120942 0.03094399999999997
0 0.285917 0.4306070000000001 0.023944999999999994 0.020527000000000017
0 0.38433400000000006 0.71829 0.15178600000000003 0.021751999999999994
0 0.75974 0.369792 0.08928599999999998 0.030637000000000025
0 0.781859 0.160692 0.03125 0.10508600000000001
0 0.849432 0.25735299999999994 0.013799000000000006 0.013479999999999992
