0 0.188266 0.394683 0.032169 0.187906
0 0.095282 0.552354 0.082721 0.127435
0 0.371783 0.204343 0.081189 0.111607
0 0.505362 0.153612 0.034620 0.061282
0 0.741575 0.046672 0.087929 0.091721
0 0.791513 0.300731 0.065870 0.156656
0 0.594669 0.385958 0.053922 0.147727
0 0.412224 0.615260 0.067708 0.091721
0 0.298100 0.353287 0.044730 0.085633
0 0.279565 0.534700 0.045650 0.154627
0 0.576746 0.851258 0.126532 0.061282
0 0.618260 0.661323 0.064338 0.107549
0 0.765472 0.731737 0.038909 0.030844
0 0.874540 0.669846 0.036458 0.036120
0 0.980699 0.649554 0.038603 0.215503
0 0.938266 0.892248 0.021752 0.139205
0 0.744945 0.900365 0.030331 0.183847
0 0.833946 0.367492 0.072917 0.206575
0 0.413909 0.036729 0.040441 0.066964
0 0.108915 0.733766 0.032169 0.168019
0 0.013634 0.927557 0.023591 0.098620
0 0.305300 0.362013 0.038909 0.090097
0 0.121936 0.017857 0.061275 0.034903
0 0.185509 0.571023 0.019914 0.016234
0 0.581801 0.841924 0.126838 0.053977
0 0.731618 0.538149 0.030637 0.031656
0 0.917126 0.472808 0.116728 0.318182
0 0.978248 0.481128 0.043505 0.073458
0 0.994792 0.038961 0.010417 0.034091
0 0.111826 0.332386 0.061275 0.037338
0 0.070006 0.873580 0.062194 0.036120
0 0.037377 0.089894 0.074142 0.085633
0 0.897518 0.095576 0.008272 0.092127
0 0.316483 0.519886 0.016544 0.037338
0 0.336703 0.528206 0.023897 0.014205
0 0.593750 0.530844 0.016544 0.021916
0 0.676624 0.362013 0.010110 0.025974
0 0.178002 0.665787 0.006740 0.013393
