0 0.847917 0.621154 0.18173099999999998 0.10432700000000006
0 0.982372 0.48557700000000004 0.035255999999999954 0.03365400000000007
0 0.771154 0.905288 0.19487199999999993 0.08846200000000004
0 0.520994 0.158053 0.01634599999999997 0.102163
0 0.267788 0.10024 0.207372 0.10528800000000005
0 0.113622 0.3091350000000001 0.145192 0.10432699999999995
0 0.15016 0.5262020000000001 0.17788500000000002 0.09999999999999998
0 0.22692299999999999 0.19579300000000005 0.14679499999999998 0.060336999999999974
0 0.369231 0.6087739999999999 0.22179499999999996 0.010816999999999966
0 0.724199 0.880288 0.07147400000000004 0.05576900000000007
0 0.362981 0.24278800000000006 0.06570500000000001 0.045672999999999964
0 0.478045 0.340024 0.022114999999999996 0.03052900000000003
