0 0.619792 0.266031 0.226103 0.038555
0 0.243873 0.611201 0.127451 0.226461
0 0.071691 0.492492 0.090074 0.239042
0 0.237286 0.447240 0.092218 0.091721
0 0.359681 0.277394 0.113971 0.218750
0 0.306219 0.137175 0.075061 0.142857
0 0.727482 0.450893 0.187806 0.037338
0 0.891391 0.579951 0.187806 0.173701
0 0.917586 0.357346 0.142770 0.184659
0 0.516697 0.694805 0.013174 0.093344
0 0.109681 0.877435 0.018995 0.074675
0 0.161458 0.936282 0.052083 0.083604
0 0.436275 0.953328 0.184436 0.065747
0 0.723039 0.864854 0.016544 0.040584
0 0.803922 0.759131 0.118873 0.178166
0 0.359375 0.793628 0.044730 0.086445
0 0.049020 0.112013 0.033088 0.112013
0 0.884191 0.270292 0.231618 0.053571
0 0.207414 0.054586 0.080270 0.108360
0 0.514246 0.268060 0.034620 0.029627
0 0.596967 0.493101 0.013174 0.012175
0 0.571844 0.502232 0.015625 0.010958
0 0.598192 0.590097 0.005821 0.015422
0 0.657935 0.733766 0.119792 0.140422
0 0.150735 0.874797 0.091299 0.079951
