0 0.7271752450980392 0.03145292207792208 0.08057598039215685 0.06290584415584416
0 0.5153186274509804 0.05844155844155844 0.22303921568627455 0.026785714285714288
0 0.28707107843137253 0.014813311688311688 0.04166666666666663 0.029626623376623376
0 0.618719362745098 0.184862012987013 0.17738970588235292 0.1002435064935065
0 0.789828431372549 0.3090503246753247 0.009803921568627416 0.07832792207792205
0 0.7564338235294117 0.564732142857143 0.08639705882352933 0.15300324675324678
0 0.495251225490196 0.5472808441558441 0.1724877450980392 0.16193181818181834
0 0.2662377450980392 0.4482548701298701 0.14154411764705888 0.09780844155844154
0 0.4610906862745098 0.338474025974026 0.03492647058823528 0.07305194805194803
0 0.4756433823529411 0.7037337662337662 0.14736519607843146 0.16720779220779225
0 0.6230085784313726 0.8080357142857143 0.08547794117647056 0.11931818181818188
0 0.11320465686274522 0.29545454545454547 0.038909313725490224 0.2954545454545454
