0 0.264813 0.577359 0.096997 0.10631100000000004
0 0.343344 0.35860899999999996 0.04139599999999999 0.03829699999999997
0 0.595982 0.098192 0.020697999999999994 0.186581
0 0.745536 0.175858 0.08441600000000005 0.12009799999999998
0 0.95961875 0.032935 0.08076249999999996 0.060355000000000006
0 0.880885 0.460325 0.07913999999999999 0.175551
0 0.666396 0.408701 0.018669000000000047 0.091912
0 0.4722 0.624847 0.086445 0.08180100000000001
0 0.36018700000000003 0.771906 0.029627000000000014 0.11917900000000003
0 0.28206200000000003 0.75 0.039773 0.11213200000000001
0 0.189732 0.747855 0.142451 0.06985299999999994
0 0.11952099999999999 0.945159 0.07264599999999999 0.09681399999999996
0 0.09517 0.39981600000000006 0.189529 0.115809
0 0.593344 0.797641 0.08441600000000005 0.06464499999999995
0 0.7838880000000001 0.900123 0.05641200000000002 0.174632
0 0.395495 0.335018 0.045049000000000006 0.07015899999999997
0 0.822646 0.151961 0.04383099999999995 0.037376999999999994
0 0.980925 0.9027269999999998 0.03814899999999999 0.008271999999999946
