0 0.02588825 0.9003649999999999 0.0517765 0.04423699999999997
0 0.181985 0.114651 0.11335799999999996 0.05641200000000002
0 0.211244 0.35308399999999995 0.198836 0.091721
0 0.16636 0.979302 0.01286799999999999 0.04139599999999999
0 0.5467219999999999 0.7950490000000001 0.06403199999999998 0.07061700000000004
0 0.6636029999999999 0.261972 0.05453399999999997 0.02232099999999998
0 0.6133580000000001 0.056412 0.317402 0.021103999999999998
0 0.776195 0.592938 0.1222430000000001 0.022727000000000053
0 0.7441789999999999 0.147727 0.10661799999999999 0.199675
0 0.26547200000000004 0.83401 0.05055100000000001 0.02110400000000001
0 0.4333639999999999 0.705154 0.12530600000000003 0.028003
0 0.7265619999999999 0.824878 0.029718000000000022 0.017450999999999994
