0 0.494521 0.25260399999999994 0.243101 0.133885
0 0.308036 0.40211399999999997 0.099026 0.010722999999999983
0 0.62845 0.676624 0.18709399999999998 0.11795299999999997
0 0.758117 0.081955 0.184253 0.008272000000000002
0 0.7956570000000001 0.20082700000000003 0.170049 0.008885000000000004
0 0.82711 0.310662 0.26136399999999993 0.02144600000000002
0 0.59233 0.855086 0.29586 0.06556399999999996
0 0.985998 0.638021 0.028003 0.017463000000000006
0 0.267045 0.056526 0.21915599999999993 0.099571
0 0.093953 0.093137 0.060471 0.030636999999999998
0 0.44825500000000007 0.151961 0.11079499999999998 0.025735000000000008
0 0.567776 0.520527 0.17451299999999992 0.11519600000000008
0 0.295252 0.5392160000000001 0.15787300000000004 0.13909300000000002
0 0.425122 0.911305 0.26907499999999995 0.13143400000000005
0 0.2506090000000001 0.9856 0.110795 0.02879900000000002
0 0.315341 0.7242650000000002 0.30357100000000004 0.19301500000000005
0 0.943994 0.8848040000000001 0.04058399999999995 0.014093000000000022
0 0.972606 0.99555775 0.014205000000000023 0.008884499999999962
