0 0.137260 0.682212 0.082212 0.029808
0 0.012260 0.611058 0.021154 0.050321
0 0.193750 0.149199 0.043750 0.280449
0 0.357452 0.112660 0.072115 0.031090
0 0.293269 0.345673 0.018269 0.138782
0 0.285096 0.345353 0.017308 0.143910
0 0.516466 0.381410 0.031971 0.022436
0 0.418870 0.481250 0.031490 0.027885
0 0.409255 0.313301 0.041106 0.084936
0 0.406731 0.358974 0.019231 0.031410
0 0.496635 0.571154 0.010577 0.050000
0 0.653606 0.415224 0.141346 0.020833
0 0.541106 0.580929 0.007212 0.066346
0 0.549880 0.519391 0.013702 0.029167
0 0.571755 0.590705 0.012740 0.112179
0 0.611178 0.854167 0.107933 0.068590
0 0.436899 0.085577 0.040625 0.098718
0 0.420433 0.147436 0.019231 0.071795
0 0.638942 0.045513 0.046154 0.016026
0 0.681370 0.025321 0.032933 0.017949
0 0.550361 0.200801 0.059375 0.101603
0 0.535096 0.237179 0.257212 0.090385
0 0.802764 0.225000 0.113702 0.060897
0 0.658293 0.206571 0.021394 0.011859
0 0.611058 0.195673 0.044712 0.038141
0 0.653846 0.299519 0.050000 0.026603
0 0.672476 0.350321 0.064663 0.117949
0 0.674519 0.605769 0.119712 0.032051
0 0.749519 0.737500 0.026923 0.071154
0 0.393870 0.722596 0.065625 0.068910
0 0.470313 0.779968 0.262740 0.353526
0 0.279447 0.963462 0.119952 0.060897
0 0.560937 0.972917 0.197356 0.030449
0 0.760216 0.888141 0.079087 0.109615
0 0.875481 0.956891 0.029327 0.086218
0 0.983534 0.881731 0.032933 0.076923
0 0.915625 0.711538 0.032692 0.095513
0 0.984014 0.751763 0.031971 0.043269
0 0.165865 0.855769 0.010577 0.019231
0 0.096875 0.958494 0.087981 0.083013
0 0.288582 0.891987 0.006971 0.008333
0 0.295433 0.871795 0.007212 0.005769
0 0.238341 0.905288 0.010817 0.189423
0 0.941827 0.526923 0.048077 0.096154
0 0.880769 0.344551 0.149038 0.105769
0 0.720553 0.352083 0.018510 0.024038
0 0.674639 0.540545 0.136298 0.023397
0 0.628726 0.466026 0.095913 0.042308
0 0.778245 0.508814 0.280529 0.129167
0 0.547476 0.955449 0.016587 0.024359
0 0.918990 0.080449 0.045192 0.052564
0 0.971274 0.023077 0.057452 0.043590
0 0.899639 0.131410 0.025721 0.025641
0 0.887380 0.151763 0.019952 0.012500
0 0.733654 0.054327 0.039423 0.018910
0 0.848077 0.059455 0.025481 0.019551
0 0.829567 0.061699 0.025000 0.040064
0 0.827885 0.083814 0.026442 0.018269
0 0.301322 0.243109 0.015625 0.041987
0 0.773798 0.577083 0.050000 0.095833
0 0.816106 0.537340 0.014904 0.110577
0 0.506611 0.248878 0.118029 0.045192
