0 0.318630 0.061699 0.188702 0.041346
0 0.682091 0.136378 0.199279 0.203526
0 0.658774 0.252244 0.124760 0.083333
0 0.376923 0.432051 0.091346 0.014744
0 0.489784 0.474199 0.106971 0.100321
0 0.312139 0.409455 0.206971 0.031731
0 0.174519 0.673878 0.211538 0.091987
0 0.463822 0.908654 0.189663 0.182692
0 0.695192 0.933974 0.023077 0.028846
0 0.879207 0.780929 0.229567 0.043910
0 0.873197 0.764583 0.236779 0.044551
0 0.788822 0.446314 0.280529 0.097756
0 0.866226 0.294071 0.035817 0.210577
0 0.461418 0.584135 0.028606 0.082372
0 0.517428 0.598397 0.035817 0.098077
0 0.578125 0.475321 0.051923 0.160897
0 0.321514 0.666987 0.049760 0.160256
0 0.469111 0.647115 0.014183 0.030128
0 0.496034 0.721955 0.014183 0.011218
0 0.510216 0.670513 0.013702 0.005128
0 0.508654 0.701763 0.027885 0.069551
0 0.527885 0.738301 0.014904 0.016346
0 0.246034 0.965385 0.050721 0.069231
0 0.989663 0.458974 0.020673 0.071795
0 0.956490 0.140385 0.086538 0.035256
