0 0.755769 0.343590 0.084135 0.135256
0 0.720913 0.354968 0.014423 0.033013
0 0.621034 0.160096 0.011298 0.050962
0 0.827404 0.220353 0.020192 0.106731
0 0.915505 0.062340 0.032933 0.037500
0 0.913582 0.141186 0.005048 0.018910
0 0.911178 0.275962 0.006971 0.109615
0 0.896034 0.370833 0.029087 0.064103
0 0.827644 0.384615 0.019231 0.014744
0 0.843269 0.418750 0.014423 0.008013
0 0.853846 0.435256 0.006731 0.010256
0 0.867788 0.449199 0.012981 0.015705
0 0.913822 0.492949 0.012260 0.016667
0 0.915745 0.536699 0.023798 0.156090
0 0.991827 0.513782 0.016346 0.036538
0 0.970313 0.446154 0.031971 0.122436
0 0.819712 0.573077 0.008654 0.135256
0 0.814063 0.589583 0.009375 0.147756
0 0.819712 0.925962 0.061058 0.115385
0 0.982452 0.875321 0.025000 0.105128
0 0.753245 0.752885 0.103125 0.082692
0 0.666707 0.771474 0.018029 0.202564
0 0.570913 0.693910 0.053846 0.092308
0 0.621995 0.513462 0.041587 0.064103
0 0.446995 0.777724 0.127163 0.081090
0 0.586298 0.950962 0.018269 0.098077
0 0.444832 0.977404 0.020433 0.045192
0 0.531130 0.458814 0.010337 0.028526
0 0.665745 0.470353 0.007452 0.049679
0 0.678125 0.474519 0.017788 0.034295
0 0.673798 0.633974 0.005288 0.033974
0 0.721995 0.678846 0.024279 0.062179
0 0.738822 0.661538 0.004087 0.023077
0 0.703486 0.585577 0.012740 0.022436
0 0.678966 0.542949 0.056010 0.152564
0 0.946755 0.131571 0.012260 0.005449
0 0.971875 0.133333 0.021154 0.004487
0 0.669111 0.212821 0.100240 0.425000
0 0.396034 0.842468 0.028125 0.132372
0 0.359856 0.982212 0.018269 0.035577
0 0.382692 0.936378 0.013462 0.027885
0 0.380649 0.943269 0.066587 0.113462
0 0.541827 0.945673 0.003365 0.015705
0 0.287861 0.917949 0.004087 0.028846
0 0.287260 0.975000 0.003846 0.050000
0 0.301803 0.988942 0.006010 0.022115
0 0.332332 0.994712 0.004087 0.009295
0 0.190264 0.954487 0.016106 0.091026
0 0.264062 0.772276 0.021394 0.094551
0 0.218389 0.751763 0.007933 0.026603
0 0.224880 0.790705 0.015144 0.051923
0 0.327043 0.632212 0.007933 0.107372
0 0.378606 0.487340 0.026923 0.070192
0 0.531490 0.229647 0.055769 0.195833
0 0.528486 0.232532 0.051202 0.192628
0 0.411418 0.249038 0.079567 0.119231
0 0.553245 0.362019 0.141106 0.032372
0 0.463462 0.408173 0.030769 0.172115
0 0.461418 0.526282 0.074279 0.096154
0 0.129567 0.871955 0.052404 0.156731
0 0.041947 0.871955 0.083413 0.061859
0 0.093510 0.618750 0.028365 0.163782
0 0.170913 0.353205 0.009615 0.167308
0 0.297356 0.226282 0.112981 0.169231
0 0.315024 0.317788 0.035817 0.222756
0 0.250120 0.031090 0.010337 0.061538
0 0.339904 0.034455 0.062500 0.068269
0 0.450841 0.033974 0.071394 0.067308
0 0.482692 0.265705 0.051923 0.102564
0 0.431010 0.451282 0.116346 0.157692
0 0.062139 0.828045 0.100240 0.076603
0 0.224399 0.952564 0.014183 0.094872
0 0.099760 0.353045 0.022596 0.168910
0 0.037500 0.292468 0.017308 0.106731
0 0.056010 0.030929 0.026442 0.061218
0 0.121635 0.093109 0.078365 0.106090
0 0.150962 0.138942 0.096635 0.144551
0 0.220192 0.586538 0.139423 0.047436
0 0.178726 0.547756 0.094471 0.091667
0 0.416947 0.653526 0.103606 0.085256
0 0.407212 0.607051 0.085096 0.137179
0 0.035817 0.578205 0.034615 0.357051
0 0.227885 0.730128 0.019712 0.205128
0 0.227404 0.909776 0.093750 0.084295
0 0.487620 0.490224 0.016587 0.013782
0 0.523197 0.020192 0.012740 0.039744
0 0.575601 0.610577 0.032933 0.046154
0 0.508774 0.495192 0.025240 0.018590
0 0.036178 0.325801 0.014663 0.104808
0 0.478606 0.101442 0.022596 0.165064
0 0.875841 0.284295 0.067067 0.237821
0 0.476803 0.667468 0.042548 0.036218
0 0.511899 0.659295 0.056490 0.050000
0 0.466587 0.647756 0.069231 0.057692
