0 0.056971 0.031090 0.026442 0.061538
0 0.252163 0.030929 0.013942 0.061218
0 0.123197 0.092949 0.073317 0.107692
0 0.149279 0.141026 0.089423 0.139103
0 0.038702 0.291667 0.012981 0.107692
0 0.036779 0.326603 0.012500 0.105128
0 0.099760 0.353846 0.019712 0.168590
0 0.171274 0.353526 0.007933 0.164744
0 0.332692 0.031571 0.065865 0.062500
0 0.297476 0.226282 0.112260 0.166667
0 0.451562 0.033974 0.070913 0.067308
0 0.417788 0.236538 0.067788 0.094872
0 0.478365 0.101282 0.021635 0.163462
0 0.524038 0.015385 0.007692 0.030128
0 0.621514 0.158814 0.009375 0.046474
0 0.532332 0.459776 0.009375 0.028526
0 0.483534 0.266827 0.054087 0.103526
0 0.552764 0.258654 0.115144 0.232051
0 0.553606 0.362821 0.140385 0.029487
0 0.528726 0.232692 0.052163 0.191026
0 0.541947 0.211699 0.034375 0.158654
0 0.755288 0.344391 0.085577 0.134936
0 0.621875 0.514744 0.041346 0.065385
0 0.667067 0.212660 0.098558 0.424679
0 0.828606 0.219551 0.021635 0.104487
0 0.912981 0.061058 0.025000 0.030449
0 0.927163 0.065705 0.007692 0.026923
0 0.913582 0.140545 0.003606 0.018910
0 0.911899 0.276763 0.006490 0.108654
0 0.905168 0.306571 0.006971 0.040064
0 0.895913 0.371795 0.028846 0.062179
0 0.827284 0.384936 0.018510 0.014103
0 0.843389 0.419071 0.015144 0.008654
0 0.854688 0.437340 0.006490 0.009295
0 0.868269 0.450160 0.012019 0.015705
0 0.877764 0.293750 0.068029 0.246474
0 0.315745 0.330769 0.030529 0.182692
0 0.378606 0.489904 0.028365 0.065705
0 0.462019 0.527564 0.073558 0.094872
0 0.437981 0.458173 0.102404 0.143269
0 0.464784 0.408814 0.031490 0.174679
0 0.485697 0.489423 0.014183 0.014103
0 0.506971 0.495353 0.030288 0.018910
0 0.720192 0.356250 0.013942 0.029808
0 0.914904 0.494231 0.011538 0.017308
0 0.971154 0.458494 0.030288 0.096474
0 0.991827 0.516026 0.016346 0.030769
0 0.916466 0.534455 0.024760 0.157372
0 0.941947 0.573077 0.017548 0.008333
0 0.965505 0.554006 0.011298 0.007372
0 0.985096 0.890224 0.022596 0.081731
0 0.825721 0.937019 0.051442 0.100321
0 0.754207 0.755288 0.102644 0.079808
0 0.812981 0.588942 0.012981 0.141987
0 0.820192 0.577564 0.008654 0.130128
0 0.679928 0.545994 0.055048 0.152244
0 0.723798 0.684936 0.028846 0.058974
0 0.667668 0.773718 0.021875 0.200641
0 0.674399 0.633974 0.006971 0.032692
0 0.705409 0.587660 0.007933 0.018269
0 0.688822 0.624038 0.004087 0.019872
0 0.707452 0.640705 0.059615 0.035256
0 0.734736 0.674679 0.008894 0.010256
0 0.587139 0.953205 0.018029 0.093590
0 0.446034 0.979167 0.019471 0.041667
0 0.572716 0.695673 0.053125 0.087500
0 0.569712 0.619071 0.046635 0.063141
0 0.551923 0.618109 0.025481 0.015064
0 0.327764 0.634135 0.009375 0.109295
0 0.410457 0.609776 0.080048 0.134295
0 0.416707 0.655929 0.102644 0.078526
0 0.504808 0.653846 0.055288 0.046154
0 0.469952 0.666346 0.082692 0.062179
0 0.474880 0.655128 0.084856 0.068590
0 0.448317 0.778846 0.123077 0.079487
0 0.397716 0.847917 0.022837 0.122756
0 0.481370 0.870032 0.004087 0.026603
0 0.360457 0.984615 0.016106 0.030769
0 0.381731 0.945032 0.064904 0.109936
0 0.288462 0.919391 0.002885 0.030449
0 0.287981 0.975962 0.003365 0.048077
0 0.301923 0.990224 0.004808 0.019551
0 0.189784 0.955609 0.015625 0.088782
0 0.224399 0.958654 0.010817 0.082692
0 0.230529 0.912500 0.082212 0.082051
0 0.130889 0.872756 0.049279 0.157051
0 0.061178 0.828365 0.095913 0.072756
0 0.042668 0.873397 0.084856 0.059615
0 0.264423 0.774038 0.021635 0.094872
0 0.297716 0.901282 0.038702 0.195513
0 0.219471 0.753526 0.008654 0.027564
0 0.226442 0.793750 0.012981 0.050321
0 0.237139 0.752244 0.016587 0.018590
0 0.095312 0.618750 0.028125 0.161859
0 0.219591 0.588942 0.135817 0.046474
0 0.176923 0.550801 0.089423 0.089423
0 0.037981 0.578686 0.034135 0.356090
0 0.229447 0.732212 0.018990 0.202244
