0 0.402163 0.252244 0.053365 0.062179
0 0.276442 0.382372 0.161538 0.032692
0 0.489663 0.325641 0.058173 0.064103
0 0.738462 0.625321 0.093269 0.036538
0 0.381971 0.058013 0.047596 0.107051
0 0.574760 0.105609 0.144712 0.040064
0 0.712019 0.045673 0.082692 0.090064
0 0.692308 0.052564 0.067788 0.037821
0 0.649880 0.046635 0.008894 0.011859
0 0.720673 0.194872 0.157212 0.067949
0 0.737260 0.212821 0.131731 0.047436
0 0.912620 0.121635 0.121875 0.154808
0 0.955649 0.080609 0.025240 0.044551
0 0.861298 0.148237 0.016827 0.015064
0 0.698558 0.134776 0.079327 0.025321
0 0.715024 0.085256 0.108894 0.051282
0 0.980048 0.678526 0.033173 0.105769
0 0.706490 0.932692 0.096635 0.019231
0 0.692067 0.965385 0.055288 0.069231
0 0.520673 0.902564 0.097115 0.100000
0 0.527163 0.839103 0.083173 0.058974
0 0.493750 0.759295 0.085577 0.025000
0 0.749279 0.388782 0.376442 0.145513
0 0.632452 0.514744 0.106250 0.115385
0 0.900000 0.304968 0.166346 0.075962
0 0.612380 0.726122 0.044471 0.043269
0 0.617067 0.250962 0.010096 0.010897
