0 0.388702 0.800962 0.064904 0.071154
0 0.507212 0.461378 0.028846 0.017628
0 0.412861 0.562179 0.032452 0.023077
0 0.014784 0.699199 0.023317 0.053526
0 0.078365 0.010897 0.038942 0.021154
0 0.190865 0.231731 0.041346 0.285256
0 0.350361 0.207853 0.068510 0.023397
0 0.346514 0.081571 0.076202 0.086859
0 0.288221 0.434455 0.016827 0.132372
0 0.280529 0.432051 0.015865 0.135897
0 0.400962 0.401122 0.036538 0.080449
0 0.399760 0.443109 0.019231 0.033013
0 0.202885 0.014423 0.013942 0.014103
0 0.423197 0.173878 0.030048 0.083013
0 0.621274 0.134615 0.044952 0.016026
0 0.410337 0.238782 0.017308 0.067308
0 0.443990 0.302724 0.044712 0.075962
0 0.538341 0.284295 0.059375 0.094231
0 0.546514 0.049519 0.022837 0.084295
0 0.662861 0.028526 0.100721 0.021154
0 0.665264 0.114263 0.028125 0.016987
0 0.483053 0.838141 0.226683 0.323718
0 0.668029 0.681090 0.118269 0.030128
0 0.489543 0.649038 0.011298 0.050000
0 0.538942 0.637981 0.016827 0.110577
0 0.562019 0.670673 0.009615 0.112500
0 0.768029 0.954006 0.063462 0.091987
0 0.607812 0.932853 0.109856 0.068910
0 0.757812 0.725641 0.060337 0.242949
0 0.642067 0.490385 0.139904 0.020513
0 0.634736 0.372917 0.061298 0.034295
0 0.659856 0.425962 0.061538 0.116026
0 0.863341 0.415865 0.142548 0.105449
0 0.668510 0.616506 0.132212 0.022756
0 0.767788 0.579487 0.275481 0.132692
0 0.785096 0.300321 0.112981 0.053205
0 0.874639 0.211699 0.017067 0.017628
0 0.867668 0.228365 0.019471 0.015064
0 0.830889 0.137500 0.034375 0.021795
0 0.929567 0.088141 0.121635 0.087821
0 0.767548 0.012179 0.077404 0.015385
0 0.909615 0.048878 0.018750 0.039423
0 0.783413 0.023077 0.108173 0.011538
0 0.845433 0.042308 0.046635 0.040385
0 0.894712 0.158173 0.041346 0.054167
0 0.732452 0.136699 0.037019 0.015064
0 0.717067 0.142308 0.035096 0.014744
0 0.931010 0.596154 0.046154 0.098077
0 0.537380 0.320513 0.213702 0.089744
0 0.494231 0.333013 0.112981 0.046154
0 0.911058 0.780128 0.033654 0.101282
0 0.982692 0.949679 0.034615 0.072436
0 0.947356 0.850160 0.105288 0.113782
