Scratch 194 63 204 126
Scratch 109 313 133 406
Scratch 1 484 19 521
Scratch 1 233 28 249
Scratch 1 122 22 131
Scratch 196 301 223 371
Scratch 314 363 362 430
Scratch 319 458 398 521
Scratch 187 605 283 630
Scratch 354 565 418 585
Scratch 492 519 585 546
Scratch 566 582 592 592
Scratch 537 128 581 199
Scratch 621 331 641 338
Scratch 116 491 206 503
Scratch 318 220 384 287
Scratch 470 287 493 358
Scratch 444 451 455 462
Scratch 41 611 122 636
Scratch 310 593 325 598
Scratch 278 181 434 353
Scratch 44 120 83 127
Scratch 1 191 74 221
Scratch 577 582 641 599
Scratch 101 119 136 126
