Scratch 2 10 101 28
Scratch 1 100 32 120
Scratch 202 41 283 195
Scratch 164 213 219 311
Scratch 275 183 368 251
Scratch 55 316 116 483
Scratch 213 475 241 543
Scratch 131 488 183 505
Scratch 314 478 341 640
Scratch 330 386 343 395
Scratch 323 308 354 328
Scratch 425 274 490 290
Scratch 319 85 432 114
Scratch 388 126 434 184
Scratch 483 171 493 185
Scratch 534 224 541 235
Scratch 553 58 572 95
Scratch 388 443 400 457
Scratch 540 544 547 556
Scratch 518 480 565 526
Scratch 565 526 629 567
Scratch 558 376 641 397
Scratch 613 175 640 189
Scratch 1 222 58 268
Scratch 1 562 154 639
