Scratch 306 425 367 433
Scratch 317 515 399 524
Scratch 235 622 245 640
Scratch 481 620 521 640
Scratch 135 63 199 101
Scratch 333 1 335 18
Scratch 64 436 123 444
Scratch 121 559 125 589
Scratch 123 618 131 640
Scratch 48 630 57 635
Scratch 367 281 431 328
Scratch 461 247 520 323
Scratch 285 148 358 170
Scratch 217 255 288 328
Scratch 583 46 594 76
Scratch 449 183 464 198
Scratch 569 219 584 278
Scratch 494 435 502 500
Scratch 523 68 545 134
Scratch 582 1 601 66
Scratch 592 316 604 348
Scratch 609 364 618 403
Scratch 248 207 360 247
Scratch 20 616 129 634
