Scratch 2 613 101 631
Scratch 1 521 32 541
Scratch 202 446 283 601
Scratch 164 330 219 428
Scratch 275 390 368 458
Scratch 55 158 116 325
Scratch 213 98 241 166
Scratch 131 136 183 153
Scratch 314 1 341 163
Scratch 330 246 343 255
Scratch 323 313 354 333
Scratch 425 351 490 367
Scratch 319 527 432 556
Scratch 388 457 434 515
Scratch 483 456 493 470
Scratch 534 406 541 417
Scratch 553 546 572 583
Scratch 388 184 400 198
Scratch 540 85 547 97
Scratch 518 115 565 161
Scratch 565 74 629 115
Scratch 558 244 641 265
Scratch 613 452 640 466
Scratch 1 373 58 419
Scratch 1 2 154 79
