Scratch 1 505 33 530
Scratch 176 352 186 433
Scratch 277 490 310 562
Scratch 34 142 51 218
Scratch 127 173 191 189
Scratch 1 1 122 92
Scratch 267 165 328 237
Scratch 263 273 296 361
Scratch 366 350 394 474
Scratch 278 421 350 562
Scratch 420 593 439 640
Scratch 498 510 508 585
Scratch 581 535 609 641
Scratch 491 402 613 425
Scratch 598 282 632 307
Scratch 630 283 640 314
Scratch 514 266 528 318
Scratch 499 191 640 268
Scratch 403 136 466 175
Scratch 211 26 351 108
Scratch 405 39 640 158
Scratch 454 26 615 95
Scratch 358 239 388 293
Scratch 107 296 124 418
Scratch 145 557 225 609
Scratch 10 535 74 583
Scratch 38 406 88 555
