Scratch 171 158 316 183
Scratch 444 319 525 464
Scratch 566 239 623 392
Scratch 459 257 518 316
Scratch 374 108 447 248
Scratch 421 43 469 134
Scratch 115 277 235 301
Scratch 10 316 130 427
Scratch 8 170 99 288
Scratch 306 415 314 475
Scratch 564 538 576 586
Scratch 521 573 554 626
Scratch 302 590 420 632
Scratch 172 541 183 567
Scratch 88 429 164 543
Scratch 396 481 425 536
Scratch 599 36 620 108
Scratch 1 156 149 191
Scratch 482 1 533 70
Scratch 300 163 322 182
Scratch 254 312 263 320
Scratch 270 318 280 325
Scratch 256 373 260 383
Scratch 181 425 258 515
Scratch 515 535 573 586
