Scratch 471 51 597 146
Scratch 436 167 525 220
Scratch 346 51 395 138
Scratch 299 31 405 50
Scratch 253 180 304 261
Scratch 150 90 180 157
Scratch 67 46 86 155
Scratch 97 284 154 305
Scratch 335 340 371 358
Scratch 347 444 439 465
Scratch 278 405 308 460
Scratch 112 502 197 545
Scratch 272 534 328 574
Scratch 142 563 203 618
Scratch 498 312 526 359
Scratch 573 382 578 637
Scratch 181 439 233 449
Scratch 240 60 264 76
Scratch 451 580 491 636
Scratch 539 1 553 15
Scratch 163 1 169 6
Scratch 179 31 191 43
Scratch 117 19 131 24
Scratch 280 392 305 479
Scratch 183 449 232 458
Scratch 576 373 640 436
Scratch 531 170 552 188
Scratch 334 125 376 153
Scratch 306 163 320 167
Scratch 379 65 384 70
Scratch 238 333 256 344
