Scratch 294 560 340 640
Scratch 395 451 420 516
Scratch 215 552 237 596
Scratch 262 614 275 640
Scratch 193 448 229 501
Scratch 13 403 55 477
Scratch 1 387 14 425
Scratch 325 349 347 393
Scratch 282 408 294 443
Scratch 506 532 542 573
Scratch 554 223 641 341
Scratch 581 190 615 230
Scratch 355 153 371 209
Scratch 378 293 425 334
Scratch 421 122 486 144
Scratch 442 363 484 403
Scratch 335 283 347 296
Scratch 211 200 226 239
Scratch 538 601 556 640
Scratch 433 478 478 577
Scratch 425 205 466 232
Scratch 504 211 514 232
Scratch 180 333 211 384
Scratch 276 310 316 331
Scratch 243 178 265 241
Scratch 291 179 312 203
Scratch 193 115 222 209
Scratch 83 361 104 388
Scratch 123 334 130 344
Scratch 444 629 490 640
Scratch 147 150 154 202
Scratch 59 5 77 58
