Scratch 147 16 247 112
Scratch 281 22 344 69
Scratch 34 42 54 109
Scratch 147 159 209 197
Scratch 175 282 204 408
Scratch 1 186 61 256
Scratch 315 346 382 416
Scratch 43 306 69 449
Scratch 216 450 258 556
Scratch 265 530 352 641
Scratch 90 580 113 641
Scratch 54 539 88 636
Scratch 2 577 42 641
Scratch 35 532 63 638
Scratch 153 596 194 622
Scratch 317 186 368 232
Scratch 387 91 466 128
Scratch 384 135 457 231
Scratch 433 44 487 78
Scratch 463 184 547 259
Scratch 386 242 417 358
Scratch 518 278 566 382
Scratch 260 103 287 176
Scratch 584 86 621 142
Scratch 625 379 640 408
Scratch 525 489 589 519
Scratch 258 266 271 276
Scratch 407 530 415 628
