Scratch 86 513 93 594
Scratch 161 245 175 410
Scratch 42 84 122 199
Scratch 502 497 606 565
Scratch 461 299 471 356
Scratch 377 176 391 261
Scratch 413 3 472 90
Scratch 408 130 514 163
Scratch 586 3 607 96
Scratch 613 264 619 296
Scratch 235 299 281 350
Scratch 135 2 145 154
Scratch 1 395 38 466
Scratch 1 305 16 363
Scratch 416 581 518 634
Scratch 288 465 320 604
Scratch 161 587 184 638
Scratch 230 554 259 640
Scratch 253 78 299 159
Scratch 527 275 573 378
Scratch 595 366 639 405
Scratch 116 363 175 377
Scratch 233 63 310 283
Scratch 408 274 418 289
Scratch 628 418 640 429
