Scratch 158 65 297 163
Scratch 379 39 446 87
Scratch 556 87 623 217
Scratch 341 184 455 321
Scratch 421 166 520 256
Scratch 480 322 562 521
Scratch 1 14 127 62
Scratch 32 170 76 238
Scratch 15 360 49 546
Scratch 135 474 199 512
Scratch 268 552 325 641
Scratch 499 566 613 640
Scratch 354 430 383 495
Scratch 345 433 399 641
Scratch 209 219 238 318
Scratch 131 39 152 96
Scratch 309 297 420 377
Scratch 592 125 599 152
Scratch 595 198 610 210
Scratch 232 496 241 506
Scratch 88 361 135 391
Scratch 144 204 234 313
Scratch 17 216 70 239
Scratch 35 171 68 179
Scratch 34 154 143 263
Scratch 579 289 623 310
Scratch 615 365 641 373
Scratch 574 388 592 483
