Scratch 11 610 40 628
Scratch 76 551 95 616
Scratch 66 437 237 504
Scratch 282 493 392 516
Scratch 281 486 392 509
Scratch 255 434 275 455
Scratch 435 416 478 421
Scratch 226 382 248 411
Scratch 307 314 324 341
Scratch 523 427 546 493
Scratch 330 399 398 426
Scratch 422 283 509 330
Scratch 40 385 92 433
Scratch 157 334 195 344
Scratch 143 296 227 311
Scratch 125 276 212 291
Scratch 148 170 168 256
Scratch 298 189 397 239
Scratch 23 263 156 366
Scratch 283 175 301 280
Scratch 189 165 214 277
Scratch 32 127 217 176
Scratch 177 40 282 231
Scratch 433 69 479 156
Scratch 64 43 149 69
Scratch 37 1 89 56
Scratch 186 6 263 47
Scratch 315 2 404 116
