Scratch 64 75 80 110
Scratch 186 59 291 80
Scratch 232 194 350 208
Scratch 126 215 138 308
Scratch 104 322 226 386
Scratch 195 503 331 576
Scratch 248 415 336 430
Scratch 388 412 456 463
Scratch 533 1 589 22
Scratch 503 176 640 217
Scratch 566 373 640 396
Scratch 562 467 641 470
Scratch 494 506 533 545
Scratch 510 130 549 140
Scratch 452 225 488 307
Scratch 398 454 533 509
Scratch 434 597 492 606
Scratch 440 316 494 323
Scratch 362 316 437 329
Scratch 1 7 82 15
Scratch 1 144 14 150
Scratch 1 231 12 234
Scratch 389 169 461 294
Scratch 538 224 561 229
Scratch 247 360 338 389
Scratch 338 298 415 359
Scratch 453 157 533 174
Scratch 367 556 390 619
Scratch 323 580 359 629
Scratch 187 456 205 468
