Scratch 211 14 270 26
Scratch 282 1 300 8
Scratch 342 1 371 21
Scratch 218 86 326 162
Scratch 361 132 404 207
Scratch 275 236 299 355
Scratch 404 3 427 85
Scratch 400 130 586 234
Scratch 497 1 545 161
Scratch 359 267 481 352
Scratch 252 533 376 639
Scratch 440 534 463 573
Scratch 434 385 523 434
Scratch 542 429 553 437
Scratch 542 90 623 116
Scratch 475 11 641 37
Scratch 632 99 640 110
Scratch 529 141 638 170
Scratch 557 253 609 355
Scratch 588 555 625 569
Scratch 608 406 620 420
Scratch 397 610 409 640
Scratch 223 203 230 257
