Scratch 550 534 617 598
Scratch 542 525 618 591
Scratch 497 459 555 472
Scratch 604 374 615 415
Scratch 626 441 641 453
Scratch 614 284 641 301
Scratch 607 186 641 208
Scratch 585 210 640 236
Scratch 587 211 640 253
Scratch 577 239 640 270
Scratch 519 325 527 358
Scratch 402 197 496 222
Scratch 327 66 341 193
Scratch 369 362 450 392
Scratch 424 553 442 640
Scratch 355 4 433 75
Scratch 488 3 546 75
Scratch 570 65 601 184
Scratch 526 89 580 237
Scratch 467 137 507 238
Scratch 207 151 232 162
Scratch 280 324 293 374
Scratch 184 292 216 406
Scratch 223 448 300 465
Scratch 281 536 303 604
Scratch 227 627 245 641
Scratch 171 463 180 552
Scratch 48 302 71 378
Scratch 20 282 49 377
Scratch 127 3 146 130
Scratch 3 116 170 215
Scratch 78 470 101 598
Scratch 5 559 29 640
Scratch 508 40 589 57
Scratch 1 139 32 217
