Scratch 532 301 555 475
Scratch 163 183 169 227
Scratch 197 367 227 462
Scratch 23 509 119 602
Scratch 2 421 97 475
Scratch 1 226 24 271
Scratch 300 222 373 374
Scratch 357 296 463 348
Scratch 384 265 422 311
Scratch 378 463 424 616
Scratch 356 392 376 425
Scratch 243 368 258 411
Scratch 161 551 174 607
Scratch 557 481 579 586
Scratch 213 176 274 220
Scratch 542 71 580 178
Scratch 1 279 11 320
Scratch 172 266 177 294
Scratch 560 517 632 623
Scratch 226 368 240 463
Scratch 13 354 28 361
Scratch 51 191 112 329
Scratch 280 567 346 584
Scratch 250 485 267 641
