Scratch 513 41 564 55
Scratch 405 145 466 186
Scratch 260 192 309 274
Scratch 375 301 401 362
Scratch 467 305 483 409
Scratch 533 591 593 608
Scratch 631 501 641 510
Scratch 610 349 640 370
Scratch 537 239 578 324
Scratch 417 455 485 620
Scratch 363 593 409 635
Scratch 243 536 330 636
Scratch 175 310 221 406
Scratch 158 393 262 414
Scratch 298 371 320 387
Scratch 365 442 394 476
Scratch 314 492 329 532
Scratch 275 462 300 536
Scratch 259 485 276 566
Scratch 159 523 245 553
Scratch 54 605 245 620
Scratch 3 442 38 510
Scratch 37 547 57 640
Scratch 24 410 163 562
Scratch 3 307 106 386
Scratch 56 225 136 271
Scratch 384 221 407 263
Scratch 313 112 330 119
Scratch 472 303 489 408
Scratch 148 475 276 498
Scratch 216 610 443 621
Scratch 414 416 435 433
Scratch 418 3 474 85
Scratch 274 2 288 60
Scratch 200 93 232 103
