Scratch 509 161 555 215
Scratch 381 90 509 279
Scratch 337 105 380 130
Scratch 98 120 186 205
Scratch 1 162 57 188
Scratch 114 307 153 377
Scratch 1 266 80 331
Scratch 114 440 229 529
Scratch 304 435 352 518
Scratch 290 409 394 432
Scratch 399 562 449 640
Scratch 505 358 534 377
Scratch 453 280 461 318
Scratch 20 417 56 532
Scratch 154 180 175 261
Scratch 1 198 31 208
Scratch 287 268 371 288
Scratch 562 188 633 366
Scratch 434 437 461 455
Scratch 185 555 266 609
Scratch 385 250 438 357
Scratch 151 305 277 399
Scratch 280 298 415 352
Scratch 237 170 296 333
Scratch 222 185 629 212
Scratch 246 102 265 125
Scratch 524 468 547 534
Scratch 541 575 546 607
Scratch 615 418 637 527
