Scratch 586 513 600 564
Scratch 455 405 496 466
Scratch 367 260 449 309
Scratch 279 375 340 401
Scratch 232 467 336 483
Scratch 33 533 50 593
Scratch 131 631 140 641
Scratch 271 610 292 640
Scratch 317 537 402 578
Scratch 21 417 186 485
Scratch 6 363 48 409
Scratch 5 243 105 330
Scratch 235 175 331 221
Scratch 227 158 248 262
Scratch 254 298 270 320
Scratch 165 365 199 394
Scratch 109 314 149 329
Scratch 105 275 179 300
Scratch 75 259 156 276
Scratch 88 159 118 245
Scratch 21 54 36 245
Scratch 131 3 199 38
Scratch 1 37 94 57
Scratch 79 24 231 163
Scratch 255 3 334 106
Scratch 370 56 416 136
Scratch 378 384 420 407
Scratch 522 313 529 330
Scratch 233 472 338 489
Scratch 143 148 166 276
Scratch 20 216 31 443
Scratch 208 414 225 435
Scratch 556 418 638 474
Scratch 581 274 639 288
Scratch 538 200 548 232
