Scratch 236 462 286 528
Scratch 284 454 313 517
Scratch 371 446 391 498
Scratch 441 482 475 570
Scratch 510 445 570 517
Scratch 200 380 315 416
Scratch 364 371 448 445
Scratch 417 305 437 388
Scratch 230 226 336 303
Scratch 375 185 418 255
Scratch 508 225 553 339
Scratch 413 157 561 269
Scratch 578 48 621 135
Scratch 375 29 496 120
Scratch 234 131 238 189
Scratch 206 164 232 184
Scratch 222 364 282 370
Scratch 311 6 322 31
Scratch 211 561 255 575
Scratch 317 541 337 557
Scratch 552 275 641 297
Scratch 547 230 641 247
Scratch 200 69 266 80
Scratch 286 28 307 150
Scratch 500 561 582 586
