Scratch 503 220 529 339
Scratch 571 382 640 434
Scratch 542 123 623 272
Scratch 494 522 564 575
Scratch 413 442 417 492
Scratch 390 251 421 274
Scratch 1 53 39 71
Scratch 99 26 220 43
Scratch 162 486 217 611
Scratch 327 550 401 574
Scratch 184 292 189 395
Scratch 188 329 228 393
Scratch 322 1 397 196
Scratch 50 506 96 527
Scratch 210 160 221 215
Scratch 175 215 210 228
Scratch 72 323 80 427
Scratch 57 439 79 497
Scratch 53 147 80 177
Scratch 21 484 48 497
Scratch 22 455 44 464
Scratch 21 444 40 452
Scratch 1 201 358 238
Scratch 530 10 618 28
Scratch 15 12 94 22
Scratch 97 550 103 640
Scratch 439 598 448 620
Scratch 597 349 611 372
Scratch 255 301 267 308
