Scratch 325 458 470 483
Scratch 116 177 197 322
Scratch 18 249 75 402
Scratch 123 325 182 384
Scratch 194 393 267 533
Scratch 172 507 220 598
Scratch 406 340 526 364
Scratch 511 214 631 325
Scratch 542 353 633 471
Scratch 327 166 335 226
Scratch 65 55 77 103
Scratch 87 15 120 68
Scratch 221 9 339 51
Scratch 458 74 469 100
Scratch 477 98 553 212
Scratch 216 105 245 160
Scratch 21 533 42 605
Scratch 492 450 640 485
Scratch 108 571 159 640
Scratch 319 459 341 478
Scratch 378 321 387 329
Scratch 361 316 371 323
Scratch 381 258 385 268
Scratch 383 126 460 216
Scratch 68 55 126 106
