Scratch 460 1 551 50
Scratch 281 10 329 91
Scratch 120 110 185 140
Scratch 525 150 549 185
Scratch 359 176 399 191
Scratch 588 220 598 335
Scratch 601 224 639 268
Scratch 467 412 508 470
Scratch 462 462 533 475
Scratch 459 611 541 629
Scratch 420 623 450 640
Scratch 386 277 462 294
Scratch 296 366 352 398
Scratch 308 448 386 535
Scratch 250 603 365 641
Scratch 381 603 396 641
Scratch 309 240 322 285
Scratch 261 164 282 175
Scratch 233 1 253 12
Scratch 206 269 259 285
Scratch 143 331 222 372
Scratch 171 396 217 443
Scratch 17 1 43 58
Scratch 43 164 90 268
Scratch 87 364 125 378
Scratch 264 510 280 573
Scratch 162 625 183 641
