Scratch 280 32 384 185
Scratch 400 66 447 117
Scratch 457 90 521 260
Scratch 568 103 630 124
Scratch 627 29 639 66
Scratch 503 309 523 417
Scratch 415 358 443 423
Scratch 296 453 344 543
Scratch 87 462 173 507
Scratch 22 344 133 431
Scratch 207 336 252 423
Scratch 24 221 59 291
Scratch 8 53 73 125
Scratch 449 552 506 576
Scratch 399 256 427 279
Scratch 190 306 295 333
Scratch 333 338 358 357
Scratch 341 179 362 230
Scratch 187 172 272 206
Scratch 53 217 180 314
Scratch 190 215 327 267
Scratch 431 461 439 504
Scratch 142 89 192 246
Scratch 58 89 85 175
Scratch 449 285 469 304
Scratch 122 91 495 125
Scratch 186 360 205 395
Scratch 224 401 272 436
Scratch 510 311 530 423
