Scratch 111 193 131 313
Scratch 35 313 88 395
Scratch 212 96 264 167
Scratch 313 79 335 118
Scratch 447 1 503 60
Scratch 486 143 528 243
Scratch 364 200 398 295
Scratch 243 365 286 424
Scratch 177 199 206 254
Scratch 165 293 194 392
Scratch 329 526 410 565
Scratch 376 389 417 458
Scratch 478 459 503 479
Scratch 549 418 572 441
Scratch 616 347 641 485
Scratch 594 527 608 616
Scratch 468 518 487 636
Scratch 511 170 558 302
Scratch 252 3 278 45
Scratch 60 416 80 524
Scratch 2 563 17 626
Scratch 183 203 208 261
Scratch 59 1 98 23
Scratch 113 361 126 371
Scratch 332 522 413 557
Scratch 459 335 479 355
Scratch 550 201 625 405
Scratch 613 285 641 332
Scratch 634 15 641 36
Scratch 52 201 92 225
Scratch 25 548 65 571
Scratch 1 31 48 85
Scratch 572 32 578 91
Scratch 198 321 208 345
Scratch 208 334 224 343
Scratch 375 333 386 347
Scratch 430 224 437 240
Scratch 112 422 117 431
