Scratch 408 9 458 16
Scratch 406 18 459 25
Scratch 532 35 543 44
Scratch 485 162 541 187
Scratch 551 316 566 426
Scratch 556 316 570 424
Scratch 455 316 483 379
Scratch 333 209 381 290
Scratch 265 108 301 122
Scratch 328 2 357 60
Scratch 338 1 357 75
Scratch 198 1 281 19
Scratch 112 109 135 145
Scratch 111 248 200 299
Scratch 83 279 104 296
Scratch 244 336 290 417
Scratch 230 419 337 435
Scratch 371 390 398 408
Scratch 448 465 472 487
Scratch 444 428 455 440
Scratch 503 475 543 512
Scratch 526 499 560 516
Scratch 554 524 571 640
Scratch 625 619 640 627
Scratch 455 631 467 640
Scratch 398 526 404 564
Scratch 355 512 375 526
Scratch 350 511 355 598
Scratch 356 495 371 577
Scratch 331 512 350 596
Scratch 325 574 383 640
Scratch 228 561 315 584
Scratch 216 499 354 534
Scratch 47 485 89 553
Scratch 99 593 112 640
Scratch 178 519 228 640
Scratch 82 454 287 549
Scratch 380 123 400 136
Scratch 263 233 329 267
Scratch 487 14 551 96
