Scratch 27 2 41 21
Scratch 35 62 41 71
Scratch 251 25 272 41
Scratch 106 70 199 96
Scratch 107 134 134 143
Scratch 60 119 154 138
Scratch 207 206 244 265
Scratch 134 238 161 288
Scratch 155 119 269 152
Scratch 1 371 33 384
Scratch 87 392 127 427
Scratch 215 432 261 463
Scratch 152 45 181 65
Scratch 203 15 213 66
Scratch 299 2 337 43
Scratch 391 1 396 10
Scratch 412 1 431 97
Scratch 317 170 330 189
Scratch 246 278 269 286
Scratch 335 237 406 256
Scratch 467 148 482 257
Scratch 492 1 505 84
Scratch 582 3 589 107
Scratch 555 228 628 247
Scratch 588 149 593 173
Scratch 388 420 446 558
Scratch 491 406 576 601
Scratch 608 100 619 265
Scratch 608 265 622 453
Scratch 609 454 619 640
Scratch 426 448 435 640
Scratch 320 385 367 412
Scratch 86 568 166 581
