Scratch 158 325 183 470
Scratch 319 116 464 197
Scratch 239 18 392 75
Scratch 257 123 316 182
Scratch 108 194 248 267
Scratch 43 172 134 220
Scratch 277 406 301 526
Scratch 316 511 427 631
Scratch 170 542 288 633
Scratch 415 327 475 335
Scratch 538 65 586 77
Scratch 573 87 626 120
Scratch 590 221 632 339
Scratch 541 458 567 469
Scratch 429 477 543 553
Scratch 481 216 536 245
Scratch 36 21 108 42
Scratch 156 492 191 640
Scratch 1 108 70 159
Scratch 163 319 182 341
Scratch 312 378 320 387
Scratch 318 361 325 371
Scratch 373 381 383 385
Scratch 425 383 515 460
Scratch 535 68 586 126
