Scratch 451 170 501 279
Scratch 345 136 428 156
Scratch 558 229 640 254
Scratch 578 165 641 388
Scratch 486 359 564 640
Scratch 565 398 631 640
Scratch 612 492 641 511
Scratch 403 569 456 634
Scratch 213 601 282 637
Scratch 70 540 109 572
Scratch 115 305 184 410
Scratch 97 183 165 236
Scratch 155 18 194 54
Scratch 221 80 264 118
Scratch 540 1 575 38
Scratch 320 183 334 199
Scratch 387 304 398 365
Scratch 278 379 355 445
Scratch 254 328 309 356
Scratch 371 378 391 455
Scratch 270 450 283 465
Scratch 453 346 467 443
Scratch 227 126 247 183
Scratch 70 130 137 150
Scratch 161 92 170 101
