Scratch 519 130 583 157
Scratch 352 282 412 295
Scratch 60 226 154 246
Scratch 99 315 173 336
Scratch 45 444 115 485
Scratch 352 450 445 466
Scratch 517 373 588 409
Scratch 337 131 350 179
Scratch 219 21 257 123
Scratch 331 53 353 119
Scratch 477 168 489 230
Scratch 564 262 578 332
Scratch 46 19 86 77
Scratch 276 16 436 43
Scratch 261 277 297 368
Scratch 197 431 270 489
Scratch 449 515 515 637
Scratch 480 3 494 27
Scratch 269 193 335 246
Scratch 611 250 640 319
Scratch 107 587 204 609
Scratch 25 578 36 591
Scratch 1 456 14 477
Scratch 459 393 505 422
Scratch 404 1 429 12
Scratch 538 29 549 43
Scratch 454 396 459 420
