Scratch 49 457 145 557
Scratch 162 358 258 392
Scratch 215 491 232 598
Scratch 281 503 349 529
Scratch 279 537 356 577
Scratch 244 393 273 420
Scratch 295 416 351 451
Scratch 339 344 434 371
Scratch 319 245 401 298
Scratch 103 90 196 243
Scratch 151 56 190 68
Scratch 337 125 385 184
Scratch 413 75 455 203
Scratch 164 159 192 243
Scratch 13 45 27 77
Scratch 5 152 23 168
Scratch 183 521 198 579
Scratch 181 1 423 144
Scratch 262 1 288 20
Scratch 128 119 217 123
Scratch 126 107 211 122
Scratch 97 245 223 283
Scratch 10 178 138 372
Scratch 31 375 113 409
Scratch 17 117 43 224
Scratch 115 1 122 13
