Scratch 301 1 347 81
Scratch 221 125 246 190
Scratch 404 45 426 89
Scratch 366 1 379 27
Scratch 412 140 448 193
Scratch 586 164 629 238
Scratch 627 216 640 254
Scratch 295 248 316 292
Scratch 347 198 359 233
Scratch 99 68 135 109
Scratch 1 300 87 418
Scratch 26 411 60 451
Scratch 270 432 286 488
Scratch 216 307 263 348
Scratch 155 497 220 519
Scratch 157 238 199 278
Scratch 294 345 306 358
Scratch 415 402 430 441
Scratch 85 1 103 40
Scratch 163 64 208 163
Scratch 175 409 216 436
Scratch 127 409 137 430
Scratch 430 257 461 308
Scratch 325 310 365 331
Scratch 376 400 398 463
Scratch 329 438 351 462
Scratch 419 432 448 526
Scratch 537 253 558 280
Scratch 511 297 518 307
Scratch 151 1 197 12
Scratch 487 439 494 491
Scratch 564 583 582 636
