Scratch 325 158 470 183
Scratch 116 319 197 464
Scratch 18 239 75 392
Scratch 123 257 182 316
Scratch 194 108 267 248
Scratch 172 43 220 134
Scratch 406 277 526 301
Scratch 511 316 631 427
Scratch 542 170 633 288
Scratch 327 415 335 475
Scratch 65 538 77 586
Scratch 87 573 120 626
Scratch 221 590 339 632
Scratch 458 541 469 567
Scratch 477 429 553 543
Scratch 216 481 245 536
Scratch 21 36 42 108
Scratch 492 156 640 191
Scratch 108 1 159 70
Scratch 319 163 341 182
Scratch 378 312 387 320
Scratch 361 318 371 325
Scratch 381 373 385 383
Scratch 383 425 460 515
Scratch 68 535 126 586
