Scratch 1 90 50 181
Scratch 10 312 91 360
Scratch 110 456 140 521
Scratch 150 92 185 116
Scratch 176 242 191 282
Scratch 220 43 335 53
Scratch 224 2 268 40
Scratch 412 133 470 174
Scratch 462 108 475 179
Scratch 611 100 629 182
Scratch 623 191 640 221
Scratch 277 179 294 255
Scratch 366 289 398 345
Scratch 448 255 535 333
Scratch 603 276 641 391
Scratch 603 245 641 260
Scratch 240 319 285 332
Scratch 164 359 175 380
Scratch 1 388 12 408
Scratch 269 382 285 435
Scratch 331 419 372 498
Scratch 396 424 443 470
Scratch 1 598 58 624
Scratch 164 551 268 598
Scratch 364 516 378 554
Scratch 510 361 573 377
Scratch 625 458 641 479
