Scratch 362 451 471 501
Scratch 485 345 505 428
Scratch 387 558 412 640
Scratch 253 578 476 641
Scratch 1 486 282 564
Scratch 1 565 243 631
Scratch 130 612 149 641
Scratch 7 403 72 456
Scratch 4 213 41 282
Scratch 69 70 101 109
Scratch 231 115 336 184
Scratch 405 97 458 165
Scratch 587 155 623 194
Scratch 523 221 561 264
Scratch 603 540 640 575
Scratch 442 320 458 334
Scratch 276 387 337 398
Scratch 196 278 262 355
Scratch 285 254 313 309
Scratch 186 371 263 391
Scratch 176 270 191 283
Scratch 198 453 295 467
Scratch 458 227 515 247
Scratch 491 70 511 137
Scratch 540 161 549 170
