Scratch 346 308 450 361
Scratch 293 511 360 553
Scratch 335 481 522 530
Scratch 471 514 558 582
Scratch 122 569 268 603
Scratch 88 172 235 286
Scratch 518 184 563 202
Scratch 520 364 606 424
Scratch 260 396 434 440
Scratch 409 107 525 141
Scratch 536 18 604 54
Scratch 193 10 261 209
Scratch 315 224 355 248
Scratch 575 83 629 151
Scratch 622 255 641 268
Scratch 522 499 639 524
Scratch 1 23 47 107
Scratch 318 1 367 52
Scratch 275 1 346 14
Scratch 521 425 598 440
Scratch 383 585 401 640
Scratch 501 606 603 623
Scratch 504 392 518 406
Scratch 285 487 297 494
Scratch 550 531 640 554
Scratch 130 25 211 76
