Scratch 510 193 530 313
Scratch 553 313 606 395
Scratch 377 96 429 167
Scratch 306 79 328 118
Scratch 138 1 194 60
Scratch 113 143 155 243
Scratch 243 200 277 295
Scratch 355 365 398 424
Scratch 435 199 464 254
Scratch 447 293 476 392
Scratch 231 526 312 565
Scratch 224 389 265 458
Scratch 138 459 163 479
Scratch 69 418 92 441
Scratch 1 347 25 485
Scratch 33 527 47 616
Scratch 154 518 173 636
Scratch 83 170 130 302
Scratch 363 3 389 45
Scratch 561 416 581 524
Scratch 624 563 639 626
Scratch 433 203 458 261
Scratch 543 1 582 23
Scratch 515 361 528 371
Scratch 228 522 309 557
Scratch 162 335 182 355
Scratch 16 201 91 405
Scratch 1 285 28 332
Scratch 1 15 7 36
Scratch 549 201 589 225
Scratch 576 548 616 571
Scratch 593 31 640 85
Scratch 63 32 69 91
Scratch 433 321 443 345
Scratch 417 334 433 343
Scratch 255 333 266 347
Scratch 204 224 211 240
Scratch 524 422 529 431
