Scratch 24 534 91 598
Scratch 23 525 99 591
Scratch 86 459 144 472
Scratch 26 374 37 415
Scratch 1 441 15 453
Scratch 1 284 27 301
Scratch 1 186 34 208
Scratch 1 210 56 236
Scratch 1 211 54 253
Scratch 1 239 64 270
Scratch 114 325 122 358
Scratch 145 197 239 222
Scratch 300 66 314 193
Scratch 191 362 272 392
Scratch 199 553 217 640
Scratch 208 4 286 75
Scratch 95 3 153 75
Scratch 41 65 71 184
Scratch 61 89 115 237
Scratch 134 137 174 238
Scratch 409 151 434 162
Scratch 348 324 361 374
Scratch 425 292 457 406
Scratch 341 448 418 465
Scratch 338 536 360 604
Scratch 396 627 414 641
Scratch 461 463 470 552
Scratch 570 302 593 378
Scratch 592 282 621 377
Scratch 495 3 514 130
Scratch 471 116 638 215
Scratch 540 470 563 598
Scratch 612 559 636 640
Scratch 52 41 133 57
Scratch 609 139 640 217
