Scratch 588 1 641 50
Scratch 460 1 552 108
Scratch 174 1 195 22
Scratch 231 1 250 82
Scratch 44 13 105 26
Scratch 103 1 128 10
Scratch 46 82 151 147
Scratch 184 128 228 193
Scratch 314 1 367 160
Scratch 364 89 450 119
Scratch 471 73 512 175
Scratch 534 109 549 155
Scratch 588 188 616 211
Scratch 219 128 435 230
Scratch 177 256 306 335
Scratch 378 243 429 340
Scratch 252 375 340 424
Scratch 471 377 526 462
Scratch 595 295 629 363
Scratch 612 398 626 445
Scratch 66 508 171 603
Scratch 89 219 117 335
Scratch 362 239 474 253
Scratch 351 140 488 170
Scratch 552 70 619 110
