Scratch 286 207 297 217
Scratch 237 166 258 177
Scratch 168 73 192 90
Scratch 161 106 167 111
Scratch 119 99 133 103
Scratch 130 146 134 165
Scratch 57 121 84 226
Scratch 77 1 136 76
Scratch 149 176 172 246
Scratch 68 367 130 378
Scratch 142 534 194 539
Scratch 146 543 193 549
Scratch 74 582 149 636
Scratch 308 572 399 581
Scratch 305 463 340 470
Scratch 247 499 265 591
Scratch 243 283 283 366
Scratch 345 168 386 265
Scratch 296 145 406 166
Scratch 240 3 245 43
Scratch 312 1 322 9
Scratch 296 1 305 66
Scratch 286 1 295 63
Scratch 270 47 287 57
Scratch 273 1 284 78
Scratch 291 56 425 76
Scratch 384 27 399 43
Scratch 333 9 418 19
Scratch 346 47 555 161
Scratch 428 1 464 85
Scratch 554 61 594 138
Scratch 416 312 509 349
Scratch 468 188 590 292
Scratch 550 496 586 529
Scratch 471 455 494 500
Scratch 525 541 532 641
Scratch 537 511 640 591
Scratch 210 428 229 444
Scratch 590 163 596 175
Scratch 300 293 308 309
Scratch 307 397 315 405
