Scratch 34 74 122 154
Scratch 1 217 14 236
Scratch 88 127 108 209
Scratch 45 255 88 331
Scratch 84 276 160 350
Scratch 169 116 217 280
Scratch 45 381 159 472
Scratch 114 502 199 547
Scratch 234 363 283 460
Scratch 219 356 319 370
Scratch 361 379 385 395
Scratch 215 212 297 234
Scratch 305 60 429 220
Scratch 431 105 479 158
Scratch 596 142 640 156
Scratch 326 497 373 582
Scratch 476 593 536 619
Scratch 461 507 471 556
Scratch 449 402 470 468
Scratch 486 317 505 381
Scratch 533 354 562 461
Scratch 486 128 549 303
Scratch 422 293 457 314
Scratch 374 228 388 258
Scratch 206 193 353 293
Scratch 160 308 191 339
Scratch 147 321 171 350
Scratch 213 404 227 426
Scratch 9 198 36 222
