Scratch 344 65 483 163
Scratch 195 39 262 87
Scratch 18 87 85 217
Scratch 186 184 300 321
Scratch 121 166 220 256
Scratch 79 322 161 521
Scratch 514 14 640 62
Scratch 565 170 609 238
Scratch 592 360 626 546
Scratch 442 474 506 512
Scratch 316 552 373 641
Scratch 28 566 142 640
Scratch 258 430 287 495
Scratch 242 433 296 641
Scratch 403 219 432 318
Scratch 489 39 510 96
Scratch 221 297 332 377
Scratch 42 125 49 152
Scratch 31 198 46 210
Scratch 400 496 409 506
Scratch 506 361 553 391
Scratch 407 204 497 313
Scratch 571 216 624 239
Scratch 573 171 606 179
Scratch 498 154 607 263
Scratch 18 289 62 310
Scratch 1 365 26 373
Scratch 49 388 67 483
