Scratch 31 575 54 610
Scratch 177 309 204 412
Scratch 188 495 216 574
Scratch 40 281 71 405
Scratch 30 510 44 542
Scratch 2 507 21 541
Scratch 1 522 31 553
Scratch 1 509 44 583
Scratch 105 603 133 620
Scratch 258 622 284 638
Scratch 251 621 280 638
Scratch 307 455 355 499
Scratch 591 571 605 625
Scratch 518 436 528 544
Scratch 392 344 410 444
Scratch 485 352 545 417
Scratch 439 231 508 263
Scratch 355 273 392 318
Scratch 350 275 389 330
Scratch 291 172 331 255
Scratch 431 248 461 357
Scratch 625 279 641 326
Scratch 206 186 240 222
Scratch 347 119 404 158
Scratch 222 52 297 142
Scratch 8 136 93 199
Scratch 107 14 123 68
Scratch 375 21 479 62
Scratch 487 63 522 123
Scratch 519 1 570 46
Scratch 105 404 112 427
Scratch 129 355 140 371
Scratch 145 329 153 344
