Scratch 394 16 494 112
Scratch 297 22 360 69
Scratch 587 42 607 109
Scratch 432 159 494 197
Scratch 437 282 466 408
Scratch 581 186 641 256
Scratch 259 346 326 416
Scratch 572 306 598 449
Scratch 383 450 425 556
Scratch 289 530 376 641
Scratch 528 580 551 641
Scratch 553 539 587 636
Scratch 599 577 639 641
Scratch 578 532 606 638
Scratch 447 596 488 622
Scratch 273 186 324 232
Scratch 175 91 254 128
Scratch 184 135 257 231
Scratch 154 44 208 78
Scratch 94 184 178 259
Scratch 224 242 255 358
Scratch 75 278 123 382
Scratch 354 103 381 176
Scratch 20 86 57 142
Scratch 1 379 16 408
Scratch 52 489 116 519
Scratch 371 266 383 276
Scratch 226 530 234 628
