0 0.3570121951219512 0.22199675324675325 0.10182926829268292 0.15827922077922077
0 0.6282012195121951 0.8455762987012987 0.21920731707317073 0.15300324675324675
0 0.03277439024390244 0.16233766233766234 0.0625 0.08035714285714286
0 0.13932926829268294 0.9563717532467533 0.05914634146341463 0.08563311688311688
0 0.6163109756097561 0.43607954545454547 0.030792682926829268 0.1546266233766234
0 0.3745426829268293 0.6550324675324676 0.13079268292682927 0.30113636363636365
0 0.0875 0.7573051948051948 0.1628048780487805 0.1672077922077922
0 0.2844512195121951 0.8342126623376623 0.039634146341463415 0.040990259740259744
0 0.11890243902439024 0.5196834415584416 0.056707317073170734 0.10917207792207792
0 0.9791158536585366 0.9439935064935064 0.04176829268292683 0.07305194805194805
0 0.7939024390243903 0.24046266233766234 0.11585365853658537 0.04017857142857143
0 0.4489329268292683 0.025162337662337664 0.029573170731707316 0.049512987012987016
0 0.9370426829268292 0.3060064935064935 0.03871951219512195 0.09415584415584416
0 0.9605182926829269 0.3638392857142857 0.07896341463414634 0.20008116883116883
0 0.31996951219512193 0.49898538961038963 0.04176829268292683 0.33969155844155846
0 0.23353658536585367 0.6361607142857143 0.11402439024390244 0.061282467532467536
0 0.04390243902439024 0.13291396103896103 0.0871951219512195 0.24553571428571427
0 0.022408536585365853 0.3218344155844156 0.04420731707317073 0.10714285714285714
0 0.5841463414634146 0.24208603896103897 0.11951219512195121 0.2268668831168831
