0 0.8350609756097561 0.734577922077922 0.11951219512195121 0.1314935064935065
0 0.5222560975609756 0.7217938311688312 0.18597560975609756 0.17248376623376624
0 0.4815548780487805 0.37459415584415584 0.15640243902439024 0.3400974025974026
0 0.27987804878048783 0.4354707792207792 0.11829268292682926 0.1387987012987013
0 0.34542682926829266 0.9188311688311688 0.04695121951219512 0.1396103896103896
0 0.9231707317073171 0.3078327922077922 0.09207317073170732 0.13271103896103897
0 0.6297256097560976 0.4198457792207792 0.10274390243902438 0.06290584415584416
0 0.05457317073170732 0.1994724025974026 0.043292682926829265 0.03855519480519481
0 0.9711890243902439 0.8494318181818182 0.0576219512195122 0.04220779220779221
0 0.5565548780487805 0.07974837662337662 0.13871951219512196 0.05478896103896104
0 0.05274390243902439 0.3364448051948052 0.10365853658536585 0.049512987012987016
0 0.075 0.7897727272727273 0.08841463414634146 0.04383116883116883
0 0.2160060975609756 0.17126623376623376 0.047865853658536586 0.04383116883116883
0 0.4004573170731707 0.6030844155844156 0.032621951219512196 0.048701298701298704
0 0.5536585365853659 0.5795454545454546 0.03536585365853658 0.032467532467532464
0 0.15929878048780488 0.9072646103896104 0.0625 0.1351461038961039
0 0.980030487804878 0.7633928571428571 0.028963414634146343 0.07305194805194805
0 0.3980182926829268 0.0762987012987013 0.04420731707317073 0.030032467532467532
0 0.18902439024390244 0.1260146103896104 0.11707317073170732 0.03206168831168831
0 0.39466463414634145 0.4117288961038961 0.19847560975609757 0.10592532467532467
0 0.6076219512195122 0.731737012987013 0.18536585365853658 0.052759740259740256
0 0.9728658536585366 0.9561688311688312 0.05426829268292683 0.08766233766233766
