0 0.8309451219512195 0.8084415584415584 0.1076219512195122 0.24512987012987014
0 0.4923780487804878 0.3731737012987013 0.09878048780487805 0.15300324675324675
0 0.468140243902439 0.9074675324675324 0.03567073170731707 0.08766233766233766
0 0.6711890243902439 0.09375 0.15945121951219512 0.11931818181818182
0 0.20853658536585365 0.9267451298701299 0.24573170731707317 0.12946428571428573
0 0.6048780487804878 0.6201298701298701 0.13902439024390245 0.07548701298701299
0 0.4092987804878049 0.625202922077922 0.13323170731707318 0.053165584415584416
0 0.880030487804878 0.4807224025974026 0.10640243902439024 0.10998376623376624
0 0.39695121951219514 0.023944805194805196 0.05975609756097561 0.04707792207792208
0 0.27515243902439024 0.0919237012987013 0.05274390243902439 0.02719155844155844
0 0.2263719512195122 0.6467126623376623 0.041158536585365856 0.03125
0 0.3402439024390244 0.5531655844155844 0.13109756097560976 0.03571428571428571
0 0.027439024390243903 0.984172077922078 0.04695121951219512 0.026785714285714284
0 0.07713414634146341 0.611810064935065 0.15365853658536585 0.05560064935064935
0 0.8658536585365854 0.40016233766233766 0.08658536585365853 0.05194805194805195
0 0.2606707317073171 0.26968344155844154 0.04451219512195122 0.11728896103896104
0 0.062347560975609756 0.06879058441558442 0.12347560975609756 0.057224025974025976
0 0.07240853658536585 0.3758116883116883 0.14420731707317072 0.07386363636363637
0 0.586890243902439 0.7514204545454546 0.08292682926829269 0.2528409090909091
0 0.656859756097561 0.895698051948052 0.047865853658536586 0.2086038961038961
0 0.9439024390243902 0.833198051948052 0.08841463414634146 0.056006493506493504
0 0.692530487804878 0.7051542207792207 0.12042682926829268 0.04991883116883117
0 0.8246951219512195 0.7676542207792207 0.11890243902439024 0.06696428571428571
0 0.19878048780487806 0.528814935064935 0.13658536585365855 0.04707792207792208
0 0.3704268292682927 0.5008116883116883 0.04085365853658537 0.030032467532467532
0 0.36615853658536585 0.09679383116883117 0.027439024390243903 0.19277597402597402
0 0.7460365853658537 0.3678977272727273 0.06341463414634146 0.09780844155844155
0 0.769969512195122 0.23660714285714285 0.2375 0.05032467532467533
0 0.9350609756097561 0.630275974025974 0.1274390243902439 0.03977272727272727
