0 0.635670731707317 0.42491883116883117 0.14634146341463414 0.2564935064935065
0 0.08673780487804877 0.505073051948052 0.16371951219512196 0.07670454545454546
0 0.31920731707317074 0.6621347402597403 0.17865853658536585 0.07913961038961038
0 0.27240853658536585 0.838676948051948 0.07896341463414634 0.0872564935064935
0 0.09878048780487805 0.7307224025974026 0.03414634146341464 0.23660714285714285
0 0.7928353658536585 0.78125 0.05701219512195122 0.1038961038961039
0 0.22057926829268293 0.22402597402597402 0.05945121951219512 0.06493506493506493
0 0.4684451219512195 0.2359983766233766 0.046646341463414634 0.03530844155844156
0 0.6743902439024391 0.6532061688311688 0.03902439024390244 0.03612012987012987
0 0.6123475609756097 0.630275974025974 0.21859756097560976 0.125
0 0.4559451219512195 0.8336038961038961 0.044817073170731705 0.02922077922077922
0 0.17698170731707316 0.03936688311688312 0.028353658536585367 0.07792207792207792
0 0.175 0.32670454545454547 0.16829268292682928 0.0625
0 0.8972560975609756 0.968547077922078 0.03414634146341464 0.06209415584415585
0 0.6913109756097561 0.9833603896103896 0.05396341463414634 0.021915584415584416
0 0.6501524390243902 0.976461038961039 0.027134146341463414 0.04707792207792208
0 0.5307926829268292 0.669439935064935 0.07926829268292683 0.06939935064935066
0 0.5458841463414634 0.9159902597402597 0.06798780487804879 0.1680194805194805
0 0.7875 0.8325892857142857 0.061585365853658536 0.053165584415584416
0 0.07439024390243902 0.19439935064935066 0.0524390243902439 0.12905844155844157
0 0.8617378048780487 0.3894074675324675 0.0649390243902439 0.16112012987012986
0 0.4239329268292683 0.37743506493506496 0.0850609756097561 0.04383116883116883
0 0.44984756097560974 0.4466314935064935 0.10701219512195122 0.04667207792207792
