0 0.2472560975609756 0.708400974025974 0.09207317073170732 0.19439935064935066
0 0.23780487804878048 0.3196022727272727 0.06829268292682927 0.08319805194805195
0 0.13902439024390245 0.5152191558441559 0.19146341463414634 0.04991883116883117
0 0.6530487804878049 0.17857142857142858 0.043292682926829265 0.3465909090909091
0 0.0722560975609756 0.2987012987012987 0.043292682926829265 0.10795454545454546
0 0.7112804878048781 0.604099025974026 0.32621951219512196 0.05073051948051948
0 0.6309451219512195 0.8737824675324676 0.1649390243902439 0.04383116883116883
0 0.1641768292682927 0.6369724025974026 0.18445121951219512 0.0588474025974026
0 0.5065548780487805 0.06229707792207792 0.03932926829268293 0.1075487012987013
0 0.7339939024390244 0.958198051948052 0.05457317073170732 0.03977272727272727
0 0.5821646341463415 0.07183441558441558 0.03567073170731707 0.10064935064935066
0 0.588109756097561 0.5476866883116883 0.24390243902439024 0.04586038961038961
0 0.7094512195121951 0.8244724025974026 0.06829268292682927 0.04261363636363636
0 0.4144817073170732 0.6651785714285714 0.11432926829268293 0.040584415584415584
0 0.11158536585365854 0.7775974025974026 0.21280487804878048 0.05925324675324675
0 0.31478658536585363 0.757913961038961 0.07347560975609756 0.13839285714285715
0 0.4458841463414634 0.7660308441558441 0.1948170731707317 0.06777597402597403
0 0.4826219512195122 0.3900162337662338 0.22439024390243903 0.08522727272727272
0 0.43917682926829266 0.9811282467532467 0.06859756097560976 0.037743506493506496
0 0.5963414634146341 0.9734172077922078 0.07804878048780488 0.053165584415584416
0 0.37271341463414637 0.11891233766233766 0.04359756097560975 0.21347402597402598
0 0.43064024390243905 0.5474837662337663 0.04542682926829268 0.07792207792207792
