0 0.35274390243902437 0.6566558441558441 0.17073170731707318 0.1534090909090909
0 0.6291158536585366 0.5152191558441559 0.1978658536585366 0.21875
0 0.17210365853658535 0.257913961038961 0.06615853658536586 0.048295454545454544
0 0.6155487804878049 0.31655844155844154 0.18109756097560975 0.19886363636363635
0 0.3399390243902439 0.8518668831168831 0.04207317073170732 0.07061688311688312
0 0.09725609756097561 0.585836038961039 0.18841463414634146 0.033685064935064936
0 0.1701219512195122 0.3794642857142857 0.18658536585365854 0.04626623376623377
0 0.1704268292682927 0.7800324675324676 0.0524390243902439 0.0349025974025974
0 0.5221036585365854 0.7702922077922078 0.04420731707317073 0.030032467532467532
0 0.8310975609756097 0.937297077922078 0.16829268292682928 0.10673701298701299
0 0.26920731707317075 0.78125 0.03841463414634146 0.05194805194805195
0 0.748780487804878 0.8614042207792207 0.036585365853658534 0.06209415584415585
0 0.017225609756097562 0.7907873376623377 0.031402439024390244 0.04017857142857143
0 0.7885670731707317 0.8338068181818182 0.04420731707317073 0.023133116883116884
0 0.6977134146341464 0.5204951298701299 0.03871951219512195 0.023944805194805196
0 0.4271341463414634 0.17309253246753248 0.06829268292682927 0.05073051948051948
0 0.8371951219512195 0.6024756493506493 0.07865853658536585 0.0872564935064935
0 0.5954268292682927 0.36079545454545453 0.054878048780487805 0.10551948051948051
0 0.6870426829268292 0.7824675324675324 0.06310975609756098 0.033279220779220776
0 0.10106707317073171 0.07284902597402597 0.027134146341463414 0.14488636363636365
0 0.1597560975609756 0.7822646103896104 0.06341463414634146 0.2601461038961039
0 0.02545731707317073 0.6887175324675324 0.05030487804878049 0.06655844155844155
0 0.6545731707317073 0.8685064935064936 0.08841463414634146 0.1663961038961039
0 0.9396341463414634 0.7128652597402597 0.12073170731707317 0.12378246753246754
0 0.9725609756097561 0.45332792207792205 0.054878048780487805 0.12905844155844157
