0 0.103005 0.085737 0.164663 0.170833
0 0.266106 0.072115 0.122596 0.143590
0 0.836779 0.516186 0.324519 0.151603
0 0.843510 0.737340 0.275481 0.321474
0 0.451442 0.288301 0.071635 0.087500
0 0.371995 0.241827 0.106971 0.248397
0 0.028966 0.631090 0.057452 0.126282
0 0.414183 0.474679 0.126442 0.096795
0 0.058293 0.439103 0.114663 0.016667
0 0.332933 0.971474 0.292308 0.038462
0 0.563221 0.408654 0.076442 0.008974
0 0.544231 0.441827 0.044712 0.037500
0 0.816106 0.610897 0.059615 0.037821
0 0.836418 0.561058 0.155048 0.086218
0 0.167909 0.269872 0.019952 0.012179
0 0.191106 0.278846 0.026442 0.067308
0 0.250000 0.274359 0.018269 0.018590
0 0.979808 0.677724 0.038942 0.049679
