0 0.121154 0.177083 0.137500 0.124038
0 0.011298 0.353365 0.020192 0.030449
0 0.152284 0.261538 0.032452 0.127564
0 0.103005 0.456731 0.066106 0.118590
0 0.190144 0.488301 0.118750 0.116987
0 0.300481 0.308333 0.075481 0.257051
0 0.159014 0.666186 0.178125 0.141987
0 0.243990 0.819391 0.132212 0.070192
0 0.403125 0.642147 0.075481 0.150962
0 0.419351 0.566506 0.156490 0.021474
0 0.581971 0.604327 0.036538 0.025321
0 0.399159 0.348237 0.126683 0.034295
0 0.573077 0.218590 0.194231 0.250000
0 0.709976 0.205128 0.074279 0.082692
0 0.964904 0.231891 0.068750 0.021474
0 0.544832 0.841827 0.072837 0.133013
0 0.790264 0.945994 0.094471 0.039423
0 0.727644 0.829968 0.014904 0.077244
0 0.717428 0.678846 0.032452 0.102564
0 0.773438 0.544872 0.031010 0.100641
0 0.855168 0.635897 0.045913 0.167308
0 0.807212 0.336378 0.098558 0.273397
0 0.686298 0.472917 0.053846 0.032372
0 0.594712 0.379487 0.021635 0.046795
0 0.435937 0.378846 0.229567 0.157051
0 0.273077 0.504808 0.048077 0.048718
0 0.247476 0.523077 0.038221 0.045513
0 0.343149 0.647436 0.020913 0.033333
0 0.034375 0.326763 0.041346 0.037500
