0 0.9258009999999999 0.840505 0.022114999999999996 0.07860599999999995
0 0.742468 0.680288 0.063782 0.09567300000000001
0 0.636058 0.44387 0.12788500000000003 0.07620199999999999
0 0.482532 0.605409 0.09455099999999994 0.04158700000000004
0 0.4429490000000001 0.7406250000000001 0.16153800000000007 0.025000000000000022
0 0.063942 0.879447 0.026602999999999988 0.09350999999999998
0 0.210256 0.992548 0.014103000000000004 0.014904000000000028
0 0.439103 0.976082 0.032050999999999996 0.046394000000000046
0 0.561218 0.8701920000000001 0.13269200000000003 0.06394200000000005
0 0.160737 0.7034860000000001 0.257372 0.10697100000000004
0 0.041666999999999996 0.603005 0.066026 0.07187500000000002
0 0.085096 0.446394 0.157372 0.13557699999999995
0 0.441026 0.308053 0.15000000000000002 0.07139400000000001
0 0.369872 0.327764 0.033333 0.16274
0 0.408654 0.481971 0.02435900000000002 0.03317300000000001
0 0.28397399999999995 0.5925479999999999 0.053205 0.044711999999999974
0 0.201122 0.501563 0.061859 0.022356000000000043
0 0.221154 0.44807699999999995 0.11474400000000001 0.039903999999999995
0 0.179808 0.417067 0.125641 0.025480999999999976
0 0.159615 0.314904 0.046795 0.134135
0 0.04375 0.232572 0.022756 0.29831699999999994
0 0.257372 0.03149 0.10641 0.055769
0 0.07339699999999999 0.072236 0.144872 0.031009999999999996
0 0.241506 0.145793 0.23621800000000004 0.217067
0 0.45945500000000006 0.084135 0.12339699999999998 0.161058
0 0.613782 0.149639 0.07179499999999994 0.12427899999999997
0 0.622436 0.6174280000000001 0.06602600000000003 0.036779000000000006
0 0.8208330000000001 0.501923 0.010897000000000046 0.026442000000000077
0 0.445673 0.7501199999999999 0.16442299999999999 0.025720999999999994
0 0.24070500000000003 0.330649 0.03525600000000001 0.19976000000000005
0 0.038942 0.513942 0.016346 0.355769
0 0.3375 0.6622600000000001 0.027563999999999977 0.03221200000000002
0 0.932051 0.6962739999999998 0.126923 0.08870199999999995
0 0.952404 0.43894200000000005 0.09070500000000004 0.021635000000000015
0 0.847436 0.336538 0.015384999999999982 0.04903799999999997
