0 0.848192 0.605519 0.035846000000000044 0.27272699999999994
0 0.25796600000000003 0.319399 0.009191000000000005 0.069805
0 0.33072900000000005 0.646916 0.04748800000000003 0.14772700000000005
0 0.11014099999999999 0.867086 0.151042 0.14488599999999996
0 0.07644 0.698458 0.149203 0.08441600000000005
0 0.018382 0.387987 0.036152 0.069805
0 0.524357 0.465097 0.11427699999999996 0.23701299999999997
0 0.639246 0.502638 0.165748 0.08076299999999997
0 0.6294420000000001 0.448864 0.059130000000000016 0.07223999999999997
0 0.625766 0.841518 0.07260999999999995 0.23904199999999998
0 0.5709249999999999 0.63819 0.030330999999999997 0.05154199999999998
0 0.390012 0.608157 0.023284000000000027 0.06696400000000002
0 0.260876 0.904018 0.021751999999999994 0.086445
0 0.886949 0.833198 0.03370099999999998 0.16477300000000006
0 0.379902 0.308847 0.09620099999999998 0.068994
0 0.876072 0.194196 0.059130000000000016 0.16761399999999999
0 0.008578 0.46753199999999995 0.016544 0.06331199999999998
0 0.271293 0.437094 0.007659000000000027 0.043018999999999974
0 0.930453 0.88961 0.11335799999999996 0.16477299999999995
0 0.363205 0.648336 0.020527000000000017 0.14732100000000004
0 0.030636999999999998 0.558239 0.023283999999999996 0.010958000000000023
0 0.126838 0.405844 0.09436299999999999 0.21509700000000004
0 0.488205 0.898336 0.103248 0.02637999999999996
0 0.40288 0.8784497499999999 0.025735000000000008 0.24310050000000005
