0 0.374847 0.030438 0.09344399999999997 0.017856999999999998
0 0.453738 0.006291 0.02879900000000002 0.010145999999999999
0 0.556373 0.016031000000000004 0.04411799999999999 0.03125
0 0.42402 0.192979 0.16789200000000004 0.11810100000000001
0 0.59712 0.264205 0.06617600000000001 0.11688299999999999
0 0.446998 0.461242 0.037376999999999994 0.18547100000000005
0 0.647978 0.06858799999999998 0.03553899999999999 0.128247
0 0.770067 0.283076 0.29013500000000003 0.162744
0 0.8128060000000001 0.12560900000000003 0.07475500000000002 0.250406
0 0.6560969999999999 0.482955 0.19086999999999998 0.13392899999999996
0 0.4892770000000001 0.914773 0.19362700000000005 0.166396
0 0.704963 0.8644479999999999 0.03553899999999999 0.06087699999999996
0 0.746324 0.639205 0.13909300000000002 0.076299
0 0.854626 0.675731 0.016237999999999975 0.012175000000000047
0 0.909314 0.160106 0.12561299999999997 0.039366999999999985
0 0.871017 0.037338 0.2579659999999999 0.040583999999999995
0 0.993719 0.162744 0.012561000000000044 0.017857000000000012
0 0.911305 0.24168 0.17064999999999997 0.045049000000000006
0 0.9102329999999998 0.474229 0.08149499999999998 0.159497
0 0.947304 0.877638 0.05759800000000004 0.022321000000000035
0 0.9589459999999999 0.6446830000000001 0.01960799999999996 0.02151000000000003
0 0.628676 0.975852 0.01960799999999996 0.04829499999999998
0 0.353094 0.358766 0.010722999999999983 0.08360400000000001
