0 0.07980999999999999 0.028612 0.155331 0.027191999999999997
0 0.025429 0.17106300000000002 0.047794 0.03206200000000001
0 0.378676 0.182833 0.12622500000000003 0.240666
0 0.29856000000000005 0.408685 0.08486500000000002 0.15340900000000002
0 0.501532 0.337662 0.14644600000000002 0.10633100000000001
0 0.132659 0.623782 0.095588 0.26055199999999995
0 0.354013 0.793831 0.04381099999999999 0.10633099999999995
0 0.24417900000000003 0.774959 0.08149500000000001 0.028003
0 0.510876 0.872159 0.04258600000000001 0.253247
0 0.524969 0.609375 0.020526999999999962 0.014205000000000023
0 0.5278799999999999 0.49655000000000005 0.04901999999999995 0.031250000000000056
0 0.714154 0.439529 0.10048999999999997 0.025162000000000018
0 0.585784 0.155032 0.17708299999999993 0.045454999999999995
0 0.6410849999999999 0.24188299999999996 0.07260999999999995 0.09090899999999999
0 0.7622549999999999 0.277597 0.015318999999999972 0.02191599999999999
0 0.839614 0.357549 0.010723000000000038 0.016234000000000026
0 0.878676 0.11870899999999998 0.029411999999999994 0.05722399999999998
0 0.6148899999999999 0.702516 0.017769999999999953 0.021916000000000047
0 0.848192 0.8587659999999999 0.011948999999999987 0.01948099999999997
0 0.844822 0.7847 0.07383600000000001 0.07183399999999995
0 0.9319850000000001 0.852679 0.09926500000000005 0.06412300000000004
0 0.93550875 0.602881 0.1289825 0.033684999999999965
0 0.97824775 0.28368499999999996 0.043504499999999946 0.022726999999999997
0 0.044884 0.382305 0.089154 0.07142900000000002
0 0.120558 0.936891 0.23927699999999996 0.12053599999999998
