0 0.841299 0.359781 0.17647099999999993 0.03043800000000002
0 0.708027 0.19176100000000001 0.14399499999999998 0.07589300000000002
0 0.478707 0.234984 0.08792899999999992 0.091721
0 0.6409309999999999 0.562094 0.159926 0.21834400000000004
0 0.9292279999999999 0.49858 0.11519599999999997 0.239854
0 0.881434 0.837054 0.1274510000000001 0.15137999999999996
0 0.42739000000000005 0.476461 0.212623 0.04058400000000001
0 0.1426159999999999 0.236607 0.08792900000000003 0.07061700000000001
0 0.885263 0.092735 0.0903799999999999 0.176542
0 0.396752 0.118506 0.030637000000000025 0.025973999999999997
0 0.43397699999999995 0.170657 0.013786999999999994 0.011769000000000002
0 0.05759800000000004 0.031453 0.026348000000000038 0.05154199999999999
