0 0.619792 0.733969 0.22610299999999994 0.038554999999999895
0 0.243873 0.388799 0.12745099999999998 0.22646100000000002
0 0.071691 0.5075080000000001 0.09007399999999999 0.23904200000000003
0 0.23728599999999997 0.55276 0.09221799999999997 0.09172099999999994
0 0.3596809999999999 0.7226060000000001 0.11397099999999999 0.21875
0 0.306219 0.8628250000000001 0.07506099999999999 0.142857
0 0.727482 0.549107 0.18780600000000003 0.03733800000000009
0 0.891391 0.420049 0.18780600000000003 0.1737010000000001
0 0.917586 0.6426540000000001 0.14277000000000006 0.18465900000000002
0 0.516697 0.30519500000000005 0.013174000000000019 0.09334399999999998
0 0.109681 0.12256500000000004 0.018994999999999998 0.07467500000000005
0 0.161458 0.06371800000000005 0.05208299999999999 0.08360400000000001
0 0.4362750000000001 0.04667200000000005 0.18443600000000004 0.065747
0 0.723039 0.135146 0.016544000000000003 0.04058399999999995
0 0.803922 0.240869 0.118873 0.17816600000000005
0 0.359375 0.20637199999999994 0.04472999999999999 0.086445
0 0.04902000000000001 0.8879870000000001 0.033088000000000006 0.11201300000000003
0 0.884191 0.729708 0.231618 0.053571000000000035
0 0.207414 0.945414 0.08026999999999998 0.10836000000000001
0 0.514246 0.73194 0.034619999999999984 0.02962699999999996
0 0.596967 0.506899 0.013174000000000019 0.012175000000000047
0 0.571844 0.497768 0.015625 0.010958000000000023
0 0.5981919999999998 0.409903 0.005820999999999965 0.015422000000000047
0 0.6579350000000002 0.266234 0.11979200000000001 0.14042199999999994
0 0.150735 0.1252029999999999 0.09129900000000002 0.079951
