0 0.811734 0.394683 0.032169 0.18790599999999996
0 0.904718 0.552354 0.08272100000000004 0.12743499999999996
0 0.628217 0.204343 0.08118900000000007 0.11160700000000001
0 0.494638 0.153612 0.034620000000000095 0.061282
0 0.25842499999999996 0.04667199999999999 0.08792900000000003 0.091721
0 0.20848700000000003 0.300731 0.06586999999999998 0.15665600000000002
0 0.405331 0.385958 0.053922000000000025 0.147727
0 0.5877760000000001 0.61526 0.06770799999999999 0.09172099999999994
0 0.7019 0.353287 0.04473000000000005 0.08563300000000001
0 0.7204349999999999 0.5347 0.04565000000000008 0.15462700000000007
0 0.4232540000000001 0.851258 0.12653199999999998 0.06128200000000006
0 0.38173999999999997 0.6613230000000001 0.064338 0.107549
0 0.23452800000000001 0.7317369999999999 0.03890899999999997 0.030843999999999983
0 0.12546000000000007 0.6698460000000002 0.03645799999999999 0.03612000000000004
0 0.019301249999999992 0.649554 0.038602499999999984 0.215503
0 0.061733999999999956 0.892248 0.021751999999999994 0.13920500000000002
0 0.2550550000000001 0.9003649999999999 0.030330999999999997 0.18384699999999998
0 0.16605399999999998 0.36749199999999993 0.07291700000000001 0.206575
0 0.5860909999999999 0.036729 0.04044099999999995 0.066964
0 0.8910849999999999 0.7337660000000001 0.032169 0.16801900000000003
0 0.9863660000000001 0.927557 0.02359100000000003 0.09862000000000004
0 0.6947 0.362013 0.03890900000000008 0.09009699999999998
0 0.878064 0.017857000000000005 0.06127500000000008 0.034903
0 0.814491 0.5710229999999998 0.019913999999999987 0.01623399999999997
0 0.418199 0.841924 0.126838 0.05397699999999994
0 0.268382 0.538149 0.030637000000000025 0.03165600000000002
0 0.082874 0.472808 0.11672799999999994 0.31818199999999996
0 0.021752249999999973 0.481128 0.043504499999999946 0.07345800000000002
0 0.00520824999999997 0.038961 0.01041649999999994 0.034090999999999996
0 0.888174 0.332386 0.06127499999999997 0.03733799999999998
0 0.929994 0.87358 0.06219399999999997 0.03612000000000004
0 0.962623 0.089894 0.07414199999999993 0.08563300000000001
0 0.10248200000000002 0.095576 0.008271999999999946 0.09212700000000001
0 0.6835169999999999 0.5198859999999998 0.016544000000000003 0.03733799999999998
0 0.663297 0.528206 0.023896999999999946 0.014205000000000023
0 0.40624999999999994 0.530844 0.016544000000000003 0.021916000000000047
0 0.32337600000000005 0.3620129999999999 0.010109999999999952 0.025973999999999997
0 0.821998 0.665787 0.006739999999999968 0.013392999999999988
