0 0.637255 0.335836 0.159926 0.107549
0 0.889859 0.302151 0.073836 0.101867
0 0.700214 0.085633 0.133272 0.100649
0 0.895221 0.012378 0.018382 0.023945
0 0.435662 0.141437 0.075980 0.098620
0 0.365196 0.042411 0.021446 0.084010
0 0.368107 0.518263 0.032169 0.064935
0 0.546262 0.607752 0.108456 0.245536
0 0.774357 0.568791 0.081189 0.029627
0 0.382659 0.828328 0.075980 0.050325
0 0.275735 0.119724 0.016544 0.238636
0 0.791667 0.946834 0.056373 0.051136
0 0.773131 0.312906 0.013787 0.024351
0 0.543964 0.098823 0.086091 0.013393
0 0.510876 0.967735 0.060355 0.064529
0 0.841759 0.890828 0.071998 0.050325
