0 0.71492 0.029221000000000004 0.03768400000000005 0.05763
0 0.776348 0.14021900000000004 0.13051499999999994 0.022321000000000008
0 0.474265 0.083401 0.13419100000000006 0.16598999999999997
0 0.618107 0.358157 0.17861500000000008 0.212256
0 0.686581 0.223823 0.016543999999999892 0.04099
0 0.820159 0.413149 0.087623 0.10795500000000002
0 0.873162 0.5742690000000001 0.03370099999999998 0.066558
0 0.742494 0.828734 0.12408099999999989 0.053571000000000035
0 0.549326 0.800122 0.12745099999999998 0.045049000000000006
0 0.43443600000000004 0.599229 0.1390929999999999 0.05235400000000001
0 0.39659900000000003 0.456575 0.13327200000000006 0.035714000000000024
0 0.359681 0.317167 0.19975500000000002 0.023133000000000015
0 0.07689999999999997 0.480114 0.14951000000000003 0.05762999999999996
0 0.2657779999999999 0.730925 0.08731600000000006 0.04788999999999999
0 0.17172200000000004 0.094156 0.144914 0.075487
0 0.057751 0.178166 0.115502 0.009739999999999999
0 0.09114599999999995 0.231128 0.04564999999999997 0.25121799999999994
0 0.414982 0.017248 0.161458 0.03368499999999999
