0 0.525123 0.6692370000000001 0.09436299999999997 0.012175000000000047
0 0.558058 0.8108770000000001 0.12775700000000012 0.013799000000000006
0 0.373775 0.985593 0.015318999999999972 0.028003
0 0.782016 0.983563 0.06219399999999997 0.032061999999999924
0 0.260417 0.12784099999999998 0.09926499999999999 0.059253
0 0.52114 0.014205000000000079 0.0030639999999999556 0.027596999999999983
0 0.145527 0.687094 0.091912 0.012987000000000082
0 0.19163599999999997 0.89651 0.007046999999999998 0.04626599999999992
0 0.19730399999999998 0.982549 0.012254999999999988 0.03409100000000009
0 0.081036 0.987622 0.014399999999999996 0.0068989999999999885
0 0.622396 0.47443199999999996 0.09957099999999997 0.07305200000000012
0 0.7651650000000001 0.445008 0.09221800000000002 0.11891200000000002
0 0.501685 0.24736199999999997 0.11427699999999996 0.034497
0 0.39414799999999994 0.454545 0.11059999999999998 0.11282499999999995
0 0.918811 0.09476499999999999 0.01593100000000003 0.04667200000000005
0 0.712163 0.29687500000000006 0.022977999999999943 0.023944999999999994
0 0.899357 0.38798699999999997 0.02359100000000003 0.09172099999999994
0 0.778033 0.729911 0.012561000000000044 0.10186699999999993
0 0.8334869999999999 0.15685900000000003 0.034619999999999984 0.10348999999999997
0 0.922947 0.051744999999999985 0.029718000000000022 0.10186700000000004
0 0.933977 0.5176540000000001 0.01807599999999998 0.049106999999999845
0 0.957721 0.5980110000000001 0.013480000000000047 0.06047100000000005
0 0.474112 0.35348999999999997 0.176164 0.0625
0 0.115196 0.9758519999999999 0.170343 0.028814999999999924
