0 0.025276 0.8082390000000002 0.049939 0.03936700000000004
0 0.281863 0.612622 0.014705999999999997 0.12702899999999995
0 0.457874 0.8210229999999998 0.05177700000000002 0.111201
0 0.06556399999999998 0.280844 0.025734999999999994 0.11931800000000001
0 0.24785500000000002 0.282062 0.10049000000000002 0.023538999999999977
0 0.095282 0.072037 0.18995100000000004 0.143263
0 0.464001 0.313312 0.09405599999999997 0.111201
0 0.43550900000000003 0.494521 0.05177700000000002 0.138393
0 0.593597 0.643263 0.043811000000000044 0.193994
0 0.48943000000000003 0.767248 0.11182600000000004 0.22118499999999996
0 0.670496 0.962662 0.029105000000000047 0.07467500000000005
0 0.784926 0.8543019999999999 0.014705999999999997 0.117695
0 0.929381 0.9178167500000001 0.043811000000000044 0.16436649999999997
0 0.861826 0.6459010000000001 0.189338 0.03612000000000004
0 0.960018 0.459213 0.05361499999999997 0.039366999999999985
0 0.991422 0.466112 0.014705999999999997 0.04829499999999998
0 0.813572 0.455154 0.021751999999999994 0.08076300000000003
0 0.8889400000000001 0.35836 0.219669 0.12013000000000001
0 0.677696 0.24168 0.09803899999999999 0.06047099999999997
0 0.438879 0.10389599999999999 0.21905599999999997 0.129058
0 0.81632975 0.153206 0.36734049999999996 0.185471
0 0.834406 0.09375 0.252757 0.10714299999999999
0 0.582567 0.41457 0.046875 0.08400999999999997
0 0.179534 0.557021 0.025735000000000008 0.19115299999999996
0 0.288603 0.9099029999999999 0.125 0.08198099999999997
0 0.064185 0.872159 0.100184 0.07467500000000005
0 0.097733 0.7493910000000001 0.077819 0.232549
