0 0.742494 0.349635 0.07751200000000003 0.170049
0 0.603248 0.227476 0.129289 0.03125
0 0.935355 0.37621800000000005 0.129289 0.03896100000000002
0 0.950827 0.43080399999999996 0.09834600000000004 0.3478080000000001
0 0.8197000000000001 0.779424 0.12101700000000004 0.43871799999999994
0 0.93367 0.8104709999999999 0.10202199999999995 0.378247
0 0.977788 0.782873 0.04442400000000002 0.03003200000000006
0 0.669884 0.939123 0.08302699999999996 0.10064899999999999
0 0.386489 0.966112 0.107537 0.05722399999999994
0 0.139093 0.8674919999999999 0.060049000000000005 0.049918999999999936
0 0.232843 0.557833 0.10784299999999997 0.16355500000000012
0 0.203891 0.326705 0.10508600000000001 0.08360400000000001
0 0.271599 0.05539799999999989 0.061581 0.05641200000000002
0 0.378217 0.15340900000000002 0.06709599999999999 0.059253
0 0.870251 0.02942400000000006 0.05606599999999995 0.05884699999999998
0 0.51011 0.2982949999999999 0.022672000000000025 0.025162000000000018
0 0.612439 0.522119 0.017156999999999978 0.09537299999999993
0 0.494026 0.64306 0.12101700000000004 0.10348999999999997
0 0.43872500000000003 0.5338879999999999 0.086397 0.04423699999999997
0 0.594516 0.649756 0.03094399999999997 0.12094199999999988
0 0.4306070000000001 0.714083 0.020527000000000017 0.023944999999999883
0 0.71829 0.615666 0.021751999999999994 0.1517860000000001
0 0.369792 0.24026000000000003 0.030637000000000025 0.08928599999999998
0 0.160692 0.21814100000000003 0.10508600000000001 0.03125
0 0.25735299999999994 0.15056799999999998 0.013479999999999992 0.013799000000000006
