0 0.524357 0.839083 0.14613999999999994 0.058035999999999976
0 0.7466300000000001 0.756899 0.07169100000000006 0.18587700000000007
0 0.043352 0.482143 0.086091 0.10795500000000002
0 0.221661 0.5507310000000001 0.13327200000000003 0.09740300000000002
0 0.429841 0.48498399999999997 0.16421600000000003 0.023538999999999977
0 0.044424 0.920455 0.088235 0.012175000000000047
0 0.200214 0.969765 0.040748000000000006 0.02638000000000007
0 0.372702 0.699067 0.04381099999999999 0.301542
0 0.6138169999999998 0.25568199999999996 0.12224299999999999 0.06331200000000003
0 0.7083330000000001 0.33583599999999997 0.07843100000000003 0.142451
0 0.44960200000000006 0.26724800000000004 0.04748800000000003 0.11079499999999998
0 0.342218 0.23599800000000004 0.053922000000000025 0.040178999999999965
0 0.276654 0.05377425000000002 0.07352899999999998 0.10754850000000005
0 0.691176 0.020089250000000003 0.041054000000000035 0.040178500000000006
0 0.15471800000000002 0.18810899999999992 0.03370100000000001 0.03287300000000004
0 0.5445769999999999 0.962054 0.02849299999999999 0.07508099999999995
0 0.432138 0.966518 0.045036999999999994 0.015827999999999953
0 0.940717 0.79789 0.027880000000000016 0.11607100000000004
0 0.5833330000000001 0.598417 0.13664200000000004 0.06777599999999995
