0 0.843903 0.20799499999999999 0.11182599999999998 0.10835999999999998
0 0.811581 0.03429399999999999 0.049020000000000064 0.067776
0 0.553922 0.121753 0.151961 0.10714299999999999
0 0.685815 0.337865 0.08118899999999996 0.05154199999999998
0 0.840993 0.515625 0.064338 0.16111999999999999
0 0.581036 0.470779 0.08118899999999996 0.11201300000000003
0 0.6426160000000001 0.76461 0.14001200000000003 0.028409000000000018
0 0.685202 0.905641 0.10263500000000003 0.014205000000000023
0 0.43152599999999997 0.859578 0.022364999999999968 0.14853899999999998
0 0.33609100000000003 0.257102 0.189338 0.131899
0 0.41207099999999997 0.6154629999999999 0.059436000000000044 0.02637999999999996
0 0.310968 0.537744 0.06127499999999997 0.09902599999999995
0 0.09160499999999999 0.406453 0.04473000000000005 0.222808
0 0.06403199999999998 0.859578 0.12806399999999996 0.025162000000000018
0 0.10018400000000005 0.549513 0.19301499999999994 0.559253
