0 0.24632399999999993 0.346388 0.108456 0.034497
0 0.05438100000000001 0.28125 0.10876200000000003 0.009740000000000026
0 0.13970599999999994 0.225446 0.110294 0.020697999999999994
0 0.813879 0.601867 0.13817400000000002 0.267857
0 0.13511 0.497768 0.04901999999999995 0.036931999999999965
0 0.496783 0.753653 0.203125 0.4902599999999999
0 0.8126530000000001 0.955763 0.037070999999999965 0.08603899999999998
0 0.9767159999999999 0.958198 0.045956 0.08360400000000001
0 0.645527 0.830357 0.014705999999999997 0.09334399999999998
0 0.08731599999999995 0.8252839999999999 0.025123000000000006 0.15462699999999996
0 0.32552099999999995 0.9606329999999998 0.08915399999999996 0.07873399999999997
0 0.08118900000000001 0.96185075 0.021445999999999965 0.07629850000000005
0 0.970588 0.632914 0.05821100000000001 0.12053599999999998
0 0.06219399999999997 0.35551900000000003 0.12438700000000003 0.05032500000000001
0 0.217984 0.7396510000000001 0.008271999999999946 0.097808
0 0.08486499999999991 0.871956 0.016544000000000003 0.05478899999999998
