0 0.349265 0.248782 0.038603 0.242695
0 0.280637 0.405844 0.038603 0.134740
0 0.346967 0.569196 0.046875 0.128653
0 0.529105 0.207589 0.086397 0.109172
0 0.711703 0.244521 0.110907 0.018263
0 0.734835 0.197240 0.049326 0.066558
0 0.668505 0.636567 0.123775 0.045049
0 0.899816 0.504058 0.033088 0.098214
0 0.811887 0.789367 0.153799 0.163961
0 0.722733 0.936891 0.308824 0.118912
0 0.577053 0.065747 0.011949 0.130682
0 0.732996 0.479911 0.114277 0.023133
0 0.832721 0.495333 0.047181 0.032062
0 0.861213 0.583604 0.018382 0.050325
0 0.862132 0.639002 0.011642 0.036120
0 0.828125 0.578734 0.009804 0.038149
0 0.811428 0.582589 0.008272 0.026380
0 0.488511 0.431615 0.029718 0.016640
0 0.482077 0.462865 0.029718 0.041802
0 0.432292 0.022524 0.061275 0.025568
