0 0.12642 0.05621899999999999 0.062093999999999996 0.111213
0 0.056615 0.441483 0.08888000000000001 0.360907
0 0.9460229999999998 0.577972 0.01623399999999997 0.18229200000000007
0 0.95961875 0.058211 0.08076249999999996 0.054534
0 0.603896 0.67693 0.14772700000000005 0.17126200000000003
0 0.297281 0.675705 0.07426899999999997 0.057903999999999956
0 0.774959 0.633425 0.03612000000000004 0.10263500000000003
0 0.8151379999999999 0.359835 0.02637999999999996 0.07383600000000001
0 0.337865 0.061887 0.04829499999999998 0.123162
0 0.250609 0.46829 0.029626999999999987 0.16329700000000003
0 0.213474 0.596354 0.03814899999999999 0.543199
0 0.126826 0.6922489999999999 0.252841 0.04135999999999995
0 0.937094 0.231924 0.12581200000000003 0.12561300000000003
0 0.148133 0.269148 0.099026 0.015012000000000025
