0 0.6717218137254901 0.781452922077922 0.015625 0.1513798701298701
0 0.5099571078431373 0.6820211038961039 0.07506127450980393 0.23336038961038963
0 0.35340073529411764 0.9512987012987013 0.015625 0.09740259740259738
0 0.3723958333333333 0.8060064935064934 0.15900735294117652 0.10876623376623373
0 0.8275122549019608 0.6452922077922079 0.08394607843137258 0.28733766233766234
0 0.6228553921568627 0.966112012987013 0.08210784313725483 0.06777597402597402
0 0.9005821078431373 0.18831168831168832 0.1988357843137255 0.05032467532467533
0 0.7778799019607843 0.8605925324675325 0.08394607843137247 0.27881493506493493
0 0.3871017156862745 0.757711038961039 0.07077205882352944 0.08279220779220786
0 0.2622549019607843 0.7165178571428571 0.011029411764705954 0.01745129870129869
0 0.9494485294117647 0.6101866883116883 0.10110294117647056 0.05803571428571419
0 0.6393995098039216 0.6112012987012987 0.017769607843137192 0.02110389610389607
0 0.5303308823529412 0.40726461038961037 0.013480392156862697 0.020698051948051965
0 0.6850490196078431 0.42086038961038963 0.011642156862745168 0.034902597402597435
0 0.3952205882352941 0.6797889610389611 0.03676470588235292 0.052759740259740284
0 0.45557598039215685 0.585836038961039 0.022058823529411686 0.03612012987012991
0 0.5356924019607843 0.48498376623376627 0.049325980392156854 0.07954545454545459
0 0.5848651960784313 0.3208198051948052 0.02818627450980382 0.041801948051948035
0 0.9649203431372548 0.9310064935064934 0.07015931372549022 0.08198051948051954
0 0.3056066176470588 0.9352678571428572 0.018075980392156965 0.1294642857142856
