0 0.374847 0.030438 0.093444 0.017857
0 0.453738 0.006291 0.028799 0.010146
0 0.556373 0.016031 0.044118 0.031250
0 0.424020 0.192979 0.167892 0.118101
0 0.597120 0.264205 0.066176 0.116883
0 0.446998 0.461242 0.037377 0.185471
0 0.647978 0.068588 0.035539 0.128247
0 0.770067 0.283076 0.290135 0.162744
0 0.812806 0.125609 0.074755 0.250406
0 0.656097 0.482955 0.190870 0.133929
0 0.489277 0.914773 0.193627 0.166396
0 0.704963 0.864448 0.035539 0.060877
0 0.746324 0.639205 0.139093 0.076299
0 0.854626 0.675731 0.016238 0.012175
0 0.909314 0.160106 0.125613 0.039367
0 0.871017 0.037338 0.257966 0.040584
0 0.993719 0.162744 0.012561 0.017857
0 0.911305 0.241680 0.170650 0.045049
0 0.910233 0.474229 0.081495 0.159497
0 0.947304 0.877638 0.057598 0.022321
0 0.958946 0.644683 0.019608 0.021510
0 0.628676 0.975852 0.019608 0.048295
0 0.353094 0.358766 0.010723 0.083604
