0 0.2728247549019608 0.968547077922078 0.08057598039215685 0.0629058441558441
0 0.4846813725490196 0.9415584415584415 0.2230392156862745 0.0267857142857143
0 0.7129289215686274 0.9851866883116883 0.04166666666666663 0.029626623376623362
0 0.38128063725490197 0.815137987012987 0.17738970588235292 0.10024350649350655
0 0.21017156862745098 0.6909496753246753 0.009803921568627472 0.07832792207792205
0 0.24356617647058823 0.43526785714285704 0.08639705882352938 0.15300324675324684
0 0.504748774509804 0.4527191558441559 0.1724877450980392 0.16193181818181834
0 0.7337622549019608 0.5517451298701299 0.14154411764705888 0.09780844155844148
0 0.5389093137254902 0.661525974025974 0.03492647058823528 0.07305194805194803
0 0.5243566176470589 0.2962662337662338 0.1473651960784314 0.16720779220779225
0 0.3769914215686274 0.1919642857142857 0.08547794117647062 0.11931818181818188
0 0.8867953431372548 0.7045454545454546 0.038909313725490224 0.2954545454545454
