0 0.5058889999999999 0.063141 0.07139399999999996 0.125641
0 0.364062 0.24551300000000004 0.03918299999999997 0.10256400000000002
0 0.6473559999999999 0.104327 0.03365400000000007 0.06826900000000001
0 0.5812499999999999 0.020833 0.020191999999999988 0.041026
0 0.670913 0.258974 0.056730999999999865 0.08269199999999999
0 0.948197 0.31298100000000006 0.066106 0.115064
0 0.9891829999999999 0.365865 0.021154000000000006 0.05929499999999999
0 0.47620200000000007 0.420673 0.03365399999999996 0.06826900000000002
0 0.5508409999999999 0.336218 0.01898999999999995 0.053846000000000005
0 0.181971 0.1375 0.055288000000000004 0.06282100000000002
0 0.06778825 0.560256 0.1355765 0.18525600000000003
0 0.06598599999999993 0.672596 0.052644000000000024 0.061217999999999995
0 0.4335339999999999 0.718429 0.02427900000000005 0.08814100000000002
0 0.37367799999999995 0.510897 0.07427899999999998 0.06474399999999997
0 0.2920669999999999 0.792468 0.10240400000000005 0.034294999999999964
0 0.2772839999999999 0.401923 0.06466300000000003 0.06282100000000002
0 0.46790899999999996 0.548558 0.017548000000000008 0.021473999999999993
0 0.659736 0.658173 0.022836999999999996 0.061217999999999995
0 0.14567300000000005 0.030769 0.028364999999999974 0.060897
0 0.28918299999999997 0.176442 0.07019200000000003 0.15480800000000003
0 0.30420699999999995 0.659135 0.06466300000000003 0.041345999999999994
0 0.20564899999999997 0.654647 0.016105999999999954 0.032371999999999956
0 0.695433 0.440545 0.04855799999999999 0.07916699999999999
0 0.5382210000000001 0.49984 0.06346200000000002 0.032371999999999956
0 0.603606 0.673558 0.035096000000000016 0.09903799999999996
0 0.530048 0.7022439999999999 0.03365400000000007 0.037820999999999994
0 0.676322 0.7480769999999999 0.04591299999999987 0.147436
0 0.855288 0.415224 0.03317300000000001 0.041987
0 0.802764 0.470513 0.010816999999999966 0.015384999999999982
0 0.27139399999999997 0.009455000000000002 0.07211500000000004 0.018269
0 0.765505 0.7253209999999999 0.010817000000000077 0.08076899999999998
0 0.894712 0.951442 0.027404000000000095 0.081731
