0 0.4546569999999999 0.330763 0.01593100000000003 0.01623399999999997
0 0.38587599999999994 0.267248 0.03400700000000001 0.016639999999999988
0 0.28002499999999997 0.126623 0.037376999999999994 0.025162000000000004
0 0.255208 0.168831 0.00919099999999995 0.006494
0 0.19592500000000002 0.157062 0.021751999999999994 0.006494
0 0.204963 0.242086 0.006739999999999968 0.029627000000000014
0 0.109375 0.270292 0.042278999999999956 0.16558399999999998
0 0.16528800000000005 0.059253 0.092831 0.11607099999999998
0 0.2498470000000001 0.32914 0.03645799999999999 0.10957800000000001
0 0.153646 0.581372 0.09589499999999995 0.017450999999999994
0 0.26210199999999995 0.837459 0.08118899999999996 0.007711000000000023
0 0.264246 0.8518669999999999 0.07383600000000001 0.009739999999999971
0 0.17386599999999997 0.950487 0.11672799999999994 0.08441600000000005
0 0.551471 0.899959 0.141544 0.014205000000000023
0 0.503064 0.727476 0.05453399999999997 0.010958000000000023
0 0.39951000000000003 0.850649 0.028186000000000044 0.14366900000000005
0 0.410692 0.506696 0.06219399999999997 0.12946400000000002
0 0.569853 0.337256 0.06372500000000003 0.15259700000000004
0 0.547335 0.242492 0.17126200000000003 0.032872999999999986
0 0.3782170000000001 0.035713999999999996 0.008271999999999946 0.06249999999999999
0 0.494792 0.006899 0.014706000000000108 0.012987
0 0.46874999999999994 0.051136 0.014093000000000022 0.101461
0 0.4537379999999999 0.049107 0.014093000000000022 0.09740299999999999
0 0.4339769999999999 0.080763 0.02726700000000004 0.016234
0 0.43397699999999995 0.060471 0.017463000000000006 0.12013000000000001
0 0.55867 0.10207 0.20863999999999994 0.030438000000000007
0 0.6115200000000001 0.05377400000000001 0.02328399999999997 0.023945000000000008
0 0.5859380000000001 0.02151 0.13388499999999992 0.016234
0 0.703125 0.161932 0.3272059999999999 0.17857099999999998
0 0.696385 0.06595 0.05698499999999995 0.131088
0 0.89568 0.15483 0.06280600000000003 0.12053600000000002
0 0.721814 0.516031 0.145833 0.058035999999999976
0 0.825214 0.374188 0.19025700000000012 0.16233799999999998
0 0.886949 0.799716 0.05698500000000006 0.05235400000000001
0 0.753217 0.745739 0.034619999999999984 0.07021100000000002
0 0.825521 0.922281 0.010723000000000038 0.15543799999999997
0 0.918658 0.859984 0.16207100000000008 0.125
0 0.3420649999999999 0.680195 0.029105000000000047 0.02435100000000001
0 0.9258580000000001 0.26319 0.00919100000000006 0.017450999999999994
0 0.4745709999999999 0.469562 0.012255000000000016 0.02435100000000001
0 0.48529399999999995 0.625812 0.012255000000000016 0.012175000000000047
