0 0.959495 0.628686 0.08052899999999996 0.18365399999999998
0 0.51274 0.245673 0.1346150000000001 0.14262800000000003
0 0.16238000000000002 0.499359 0.32331699999999997 0.1461539999999999
0 0.886538 0.08125 0.15384600000000004 0.161859
0 0.021754999999999913 0.658013 0.04062500000000002 0.045513000000000026
0 0.7224760000000001 0.06714699999999998 0.11514400000000002 0.133654
0 0.16129800000000005 0.715064 0.2644230000000001 0.309615
0 0.007332000000000061 0.939904 0.014662999999999982 0.009935999999999945
0 0.441587 0.7639419999999999 0.02163499999999996 0.03365399999999996
0 0.6183890000000001 0.234135 0.10889399999999994 0.241346
0 0.2338940000000001 0.973878 0.03365399999999996 0.04967900000000003
0 0.22560100000000005 0.749519 0.012739999999999974 0.00609000000000004
0 0.43425499999999995 0.394872 0.078125 0.014102999999999977
0 0.45048099999999996 0.427564 0.049038000000000026 0.039744
0 0.660096 0.933654 0.289423 0.02884600000000004
0 0.637861 0.954647 0.26274 0.02852600000000005
0 0.9287259999999999 0.424199 0.133413 0.013141000000000014
