0 0.33541699999999997 0.05012 0.05993599999999999 0.013221000000000004
0 0.6158649999999999 0.123558 0.22467899999999996 0.10913499999999998
0 0.20913499999999996 0.136779 0.22339700000000007 0.102404
0 0.937179 0.7539659999999999 0.02179500000000001 0.03293299999999999
0 0.884455 0.948197 0.018909999999999982 0.10360599999999998
0 0.550481 0.452043 0.17211500000000002 0.10360600000000009
0 0.33285299999999995 0.554327 0.15673099999999995 0.11874999999999991
0 0.09150599999999998 0.326923 0.04070499999999999 0.12740399999999996
0 0.095833 0.5605770000000001 0.07307699999999995 0.032692000000000054
0 0.663942 0.152404 0.081731 0.071154
0 0.30640999999999996 0.347476 0.03333300000000006 0.01514399999999999
0 0.604968 0.724399 0.12083300000000008 0.07427899999999998
0 0.688141 0.7872600000000001 0.17628200000000005 0.040385000000000004
0 0.969551 0.460577 0.060255999999999976 0.012019000000000002
0 0.8293269999999999 0.317909 0.147115 0.118029
