0 0.9003649999999999 0.97411175 0.04423699999999997 0.0517765
0 0.114651 0.8180149999999999 0.056412000000000004 0.11335799999999996
0 0.35308399999999995 0.788756 0.091721 0.198836
0 0.979302 0.8336399999999999 0.04139599999999999 0.01286799999999999
0 0.7950490000000001 0.453278 0.07061700000000004 0.06403199999999998
0 0.261972 0.336397 0.02232099999999998 0.05453399999999997
0 0.056412 0.386642 0.021103999999999998 0.3174020000000001
0 0.592938 0.22380500000000003 0.022727000000000053 0.12224300000000002
0 0.147727 0.255821 0.199675 0.10661799999999999
0 0.83401 0.734528 0.02110400000000001 0.05055100000000001
0 0.705154 0.5666360000000001 0.028003 0.12530600000000003
0 0.824878 0.273438 0.017450999999999994 0.029718000000000022
