0 0.8549329999999999 0.024554 0.047488000000000086 0.04829499999999999
0 0.647825 0.218547 0.05422799999999994 0.07751600000000003
0 0.3936889999999999 0.037135 0.043505000000000016 0.073458
0 0.3121939999999999 0.330966 0.043505000000000016 0.061282
0 0.820312 0.193588 0.11672799999999994 0.048700999999999994
0 0.508578 0.293222 0.08823500000000006 0.053977
0 0.735294 0.46854699999999994 0.09375 0.10592499999999999
0 0.881281 0.570008 0.046262000000000025 0.07913999999999999
0 0.849418 0.6791800000000001 0.015012000000000025 0.045049000000000006
0 0.844669 0.897524 0.09497500000000003 0.04667200000000005
0 0.47181399999999996 0.587054 0.12071100000000001 0.05560100000000001
0 0.25536200000000003 0.574675 0.03523299999999996 0.149351
0 0.47993300000000005 0.743709 0.08547799999999994 0.05235400000000001
0 0.33333300000000005 0.8910309999999999 0.08823499999999995 0.11323099999999997
0 0.06510400000000005 0.03165599999999999 0.040748000000000006 0.06249999999999999
0 0.049632000000000065 0.20170499999999997 0.025734999999999952 0.402597
0 0.04840699999999998 0.849026 0.006739999999999968 0.06818199999999996
0 0.16957699999999998 0.286729 0.209252 0.23173700000000003
0 0.962316 0.321226 0.07475500000000002 0.07508100000000001
0 0.9122239999999999 0.017654 0.1718750000000001 0.019075
0 0.9195770000000001 0.23518699999999998 0.157169 0.354302
