0 0.110817 0.563462 0.046635 0.091026
0 0.094351 0.660417 0.010817 0.067628
0 0.082692 0.714103 0.009615 0.169872
0 0.180889 0.683333 0.087740 0.050000
0 0.208413 0.806731 0.034135 0.170513
0 0.322596 0.608974 0.125962 0.207051
0 0.109135 0.494712 0.062981 0.033013
0 0.086899 0.322436 0.041587 0.235256
0 0.229928 0.256410 0.015625 0.193590
0 0.237139 0.240545 0.015144 0.211859
0 0.159135 0.049038 0.050962 0.094872
0 0.447596 0.054327 0.008654 0.108013
0 0.595313 0.126122 0.076202 0.223397
0 0.845793 0.116026 0.103125 0.075641
0 0.960096 0.192628 0.016827 0.110897
0 0.520433 0.346955 0.061538 0.096474
0 0.658654 0.429968 0.010577 0.042628
0 0.551322 0.561218 0.060337 0.011538
0 0.650721 0.577564 0.168269 0.044231
0 0.758654 0.538942 0.030288 0.197115
0 0.590865 0.905769 0.088462 0.188462
0 0.647716 0.813622 0.051202 0.251603
0 0.668269 0.781891 0.075481 0.299679
0 0.375120 0.769872 0.016587 0.214103
0 0.439183 0.742308 0.114904 0.515385
0 0.850240 0.758654 0.124519 0.181410
0 0.891346 0.380609 0.038942 0.095833
0 0.364663 0.026122 0.062019 0.051603
0 0.450481 0.954327 0.145673 0.011859
