0 0.529928 0.498397 0.036298 0.056410
0 0.640625 0.707212 0.079808 0.068269
0 0.485337 0.653686 0.047115 0.079167
0 0.380168 0.725000 0.101683 0.069231
0 0.616106 0.818910 0.011538 0.016667
0 0.752404 0.697917 0.044712 0.095192
0 0.698678 0.889423 0.056490 0.160897
0 0.700000 0.555288 0.009615 0.108654
0 0.604087 0.609776 0.048558 0.024679
0 0.787139 0.516987 0.023798 0.140385
0 0.320913 0.467949 0.019712 0.034615
0 0.280769 0.584295 0.010577 0.045513
0 0.800481 0.622596 0.060577 0.025321
0 0.773197 0.370353 0.028606 0.054167
0 0.837500 0.454487 0.033654 0.098718
0 0.879327 0.462179 0.055769 0.098718
0 0.780048 0.316506 0.008173 0.038782
0 0.787380 0.288141 0.007452 0.098077
0 0.891106 0.268910 0.008173 0.094872
0 0.714183 0.234776 0.023558 0.090705
0 0.637139 0.334135 0.056010 0.086218
0 0.805409 0.096154 0.008894 0.023718
0 0.923798 0.247276 0.115385 0.188782
0 0.737260 0.008333 0.011538 0.016026
0 0.570433 0.223397 0.082692 0.380128
0 0.217067 0.066186 0.012019 0.087500
0 0.097236 0.353846 0.018029 0.127564
0 0.090144 0.586058 0.028846 0.140064
0 0.049038 0.054167 0.042788 0.101923
0 0.452885 0.365385 0.083654 0.028846
0 0.899519 0.699519 0.043269 0.229167
0 0.848918 0.832532 0.022356 0.068910
0 0.942187 0.644231 0.032452 0.058974
0 0.744351 0.439744 0.012740 0.012821
0 0.785457 0.479006 0.010817 0.014423
0 0.958534 0.492788 0.021875 0.074038
0 0.817909 0.548077 0.030529 0.016667
