0 0.339303 0.142628 0.059375 0.030769
0 0.059135 0.489423 0.117788 0.025641
0 0.105409 0.513782 0.027644 0.064103
0 0.513341 0.351923 0.229567 0.294872
0 0.579087 0.039904 0.065385 0.079167
0 0.921995 0.066186 0.068510 0.059936
0 0.946034 0.504006 0.106971 0.020833
0 0.726683 0.747596 0.343750 0.036859
0 0.671755 0.781250 0.065144 0.040705
0 0.571034 0.617949 0.081010 0.080769
0 0.512740 0.628365 0.148558 0.117628
0 0.501803 0.664904 0.047837 0.110577
0 0.509014 0.741987 0.061779 0.044231
0 0.256370 0.841346 0.279567 0.317308
0 0.538221 0.930769 0.177404 0.138462
0 0.564183 0.924840 0.066827 0.150321
0 0.637981 0.975321 0.117308 0.015385
