0 0.648558 0.263141 0.125962 0.058333
0 0.479808 0.261859 0.039423 0.154487
0 0.937500 0.275321 0.109615 0.112179
0 0.712380 0.701282 0.128606 0.144231
0 0.873077 0.661538 0.023077 0.147436
0 0.531971 0.878846 0.019231 0.200000
0 0.604327 0.062660 0.013462 0.124679
0 0.755769 0.103846 0.013462 0.089744
0 0.562861 0.053686 0.072837 0.106731
0 0.306971 0.204808 0.126923 0.235897
0 0.449760 0.603846 0.067308 0.155769
0 0.549279 0.632372 0.076442 0.201282
0 0.765865 0.902404 0.157692 0.085577
0 0.938702 0.897917 0.011538 0.041987
0 0.653365 0.490224 0.009135 0.135577
0 0.642428 0.489744 0.007933 0.133333
0 0.598317 0.985897 0.016827 0.028205
0 0.589784 0.984135 0.020913 0.031731
0 0.556611 0.935737 0.107933 0.106090
0 0.372837 0.681250 0.098558 0.408654
0 0.050481 0.774519 0.100481 0.175321
0 0.179087 0.747596 0.087019 0.141346
0 0.152524 0.576923 0.130048 0.039103
0 0.218630 0.415385 0.153125 0.062821
0 0.251923 0.532051 0.152404 0.441667
0 0.050481 0.036058 0.046154 0.071474
0 0.101202 0.338942 0.051442 0.332372
0 0.099279 0.252885 0.026442 0.037821
0 0.063101 0.097756 0.112260 0.052564
0 0.213942 0.189904 0.072115 0.228526
0 0.009255 0.173237 0.018029 0.019551
0 0.225240 0.713942 0.030288 0.016987
