0 0.777404 0.567308 0.201442 0.099359
0 0.687019 0.409135 0.149038 0.079167
0 0.817308 0.887981 0.061538 0.100962
0 0.876683 0.873558 0.045192 0.070833
0 0.883173 0.876442 0.052885 0.087500
0 0.918029 0.777244 0.112981 0.089744
0 0.773438 0.945513 0.020913 0.108974
0 0.676562 0.804167 0.026202 0.058333
0 0.633413 0.952083 0.011538 0.095833
0 0.628846 0.967147 0.008173 0.065705
0 0.624519 0.919712 0.064904 0.134295
0 0.655409 0.850962 0.138221 0.263462
0 0.844591 0.682372 0.004567 0.028846
0 0.669111 0.579487 0.053125 0.044231
0 0.674279 0.611058 0.042308 0.119551
0 0.489183 0.763942 0.004808 0.050962
0 0.484856 0.900321 0.010096 0.135256
0 0.512620 0.940545 0.016587 0.118910
0 0.668510 0.614744 0.019231 0.017308
0 0.420913 0.542788 0.094231 0.130449
0 0.420312 0.664744 0.020913 0.042308
0 0.467308 0.792788 0.026923 0.069551
0 0.269591 0.875321 0.075240 0.249359
0 0.189423 0.693590 0.048077 0.262179
0 0.077043 0.618109 0.153606 0.117628
0 0.239423 0.520192 0.010577 0.036538
0 0.260096 0.529006 0.008654 0.012500
0 0.110216 0.796795 0.219952 0.326923
0 0.074399 0.752083 0.020433 0.138141
0 0.140144 0.707372 0.012019 0.080769
0 0.141346 0.748077 0.026442 0.158333
0 0.368510 0.969551 0.012981 0.060897
0 0.118990 0.376122 0.097115 0.068269
0 0.132212 0.338301 0.047596 0.026603
0 0.195433 0.357372 0.008173 0.167949
0 0.059375 0.412340 0.069231 0.043269
0 0.345553 0.131250 0.017067 0.115705
0 0.187620 0.083013 0.035337 0.076282
0 0.253245 0.127244 0.049760 0.121154
0 0.310216 0.019391 0.056971 0.031090
0 0.500240 0.060737 0.131250 0.087500
0 0.611538 0.244231 0.030769 0.045513
0 0.666346 0.222115 0.047115 0.059615
0 0.633413 0.071474 0.069712 0.064103
0 0.639663 0.111378 0.013462 0.052244
0 0.716587 0.196474 0.008173 0.115385
0 0.811298 0.226603 0.016827 0.025000
0 0.912380 0.404968 0.058894 0.118269
0 0.985577 0.499840 0.028846 0.021474
0 0.972115 0.495833 0.036058 0.034615
0 0.453966 0.382051 0.024760 0.019231
0 0.393149 0.328205 0.200721 0.054487
0 0.393389 0.452244 0.064183 0.364744
0 0.293990 0.398718 0.015865 0.019872
0 0.346995 0.351763 0.007933 0.015064
0 0.539423 0.657051 0.020673 0.022436
0 0.354687 0.765224 0.064663 0.346474
0 0.354207 0.815385 0.012740 0.164103
0 0.371755 0.837981 0.007452 0.028526
0 0.118870 0.592468 0.016587 0.101603
0 0.125361 0.590545 0.012260 0.099679
0 0.127524 0.612821 0.041587 0.069872
0 0.165024 0.658013 0.006971 0.041026
0 0.157572 0.657692 0.008413 0.037179
0 0.040264 0.416026 0.049760 0.026923
0 0.892067 0.041186 0.071635 0.081731
