0 0.425321 0.140385 0.037821 0.183654
0 0.411218 0.250361 0.006410 0.018990
0 0.210897 0.330649 0.216026 0.024760
0 0.336218 0.341707 0.025641 0.005529
0 0.609936 0.381250 0.214744 0.007692
0 0.102244 0.463822 0.146795 0.011298
0 0.373077 0.452163 0.013462 0.064904
0 0.035096 0.357933 0.030449 0.085096
0 0.109776 0.148678 0.014423 0.012260
0 0.360417 0.816827 0.087500 0.366346
0 0.656410 0.499519 0.151923 0.998558
0 0.764263 0.926202 0.396474 0.034135
0 0.879487 0.949038 0.017949 0.075481
0 0.703846 0.508534 0.015385 0.009856
0 0.679487 0.555769 0.018590 0.009615
0 0.669231 0.484255 0.012179 0.004087
0 0.261378 0.121274 0.009295 0.009856
0 0.961538 0.659255 0.008333 0.012260
0 0.895673 0.538582 0.012500 0.004087
0 0.089744 0.230168 0.019872 0.089183
