0 0.411298 0.227404 0.041346 0.177885
0 0.669111 0.606571 0.094471 0.187500
0 0.627764 0.512500 0.055529 0.135256
0 0.913582 0.513622 0.172837 0.138782
0 0.790865 0.139583 0.148558 0.278526
0 0.094952 0.342308 0.052404 0.231410
0 0.159615 0.700801 0.103846 0.193269
0 0.532091 0.780769 0.115625 0.064103
0 0.448437 0.475000 0.040625 0.074359
0 0.425240 0.966506 0.180288 0.066987
0 0.362861 0.938301 0.016106 0.011859
0 0.629327 0.961058 0.076442 0.077885
0 0.581370 0.946795 0.021394 0.106410
0 0.037981 0.644712 0.075481 0.281090
0 0.075721 0.252885 0.149519 0.189103
0 0.021755 0.174519 0.043029 0.093269
0 0.023678 0.162981 0.046875 0.104167
0 0.221995 0.216346 0.016587 0.105128
0 0.261178 0.595353 0.077644 0.575321
0 0.820673 0.887179 0.016827 0.225641
0 0.805769 0.907212 0.018269 0.185577
0 0.521034 0.629647 0.038221 0.081731
