0 0.261418 0.281090 0.081971 0.182692
0 0.302284 0.558173 0.068510 0.085577
0 0.145673 0.294071 0.081250 0.150321
0 0.137019 0.340224 0.085096 0.225321
0 0.420673 0.647436 0.056250 0.065385
0 0.138462 0.746635 0.195192 0.027885
0 0.432692 0.204006 0.065865 0.045833
0 0.521154 0.357051 0.184615 0.049359
0 0.673077 0.389423 0.094712 0.030128
0 0.751923 0.727083 0.474519 0.210577
0 0.940024 0.348397 0.119952 0.185897
0 0.687139 0.250962 0.126683 0.147436
0 0.730409 0.072596 0.125721 0.144551
0 0.493029 0.299679 0.119712 0.110256
0 0.710577 0.468590 0.204808 0.086538
0 0.734615 0.492147 0.166827 0.058013
0 0.582692 0.551763 0.014904 0.015064
0 0.572957 0.465865 0.025721 0.156090
0 0.507091 0.340064 0.047837 0.044231
