0 0.849519 0.180128 0.139423 0.128205
0 0.868029 0.064583 0.046154 0.027885
0 0.919471 0.306731 0.065865 0.028846
0 0.887500 0.467147 0.022596 0.090064
0 0.887500 0.336058 0.021154 0.006731
0 0.690745 0.373237 0.093029 0.048397
0 0.763702 0.304968 0.019231 0.013782
0 0.775361 0.285256 0.023317 0.023077
0 0.719712 0.223718 0.026442 0.041667
0 0.741947 0.215545 0.033894 0.033013
0 0.598558 0.108814 0.094712 0.019551
0 0.748317 0.469872 0.123558 0.091667
0 0.785577 0.616506 0.045673 0.078526
0 0.755288 0.742628 0.027885 0.091667
0 0.797957 0.869551 0.028606 0.057692
0 0.780168 0.801282 0.087260 0.081410
0 0.835697 0.956731 0.019471 0.007051
0 0.594351 0.073237 0.129087 0.135577
0 0.497115 0.133013 0.025000 0.094872
0 0.562861 0.488622 0.095433 0.111218
0 0.920673 0.789583 0.105769 0.033654
0 0.914423 0.886859 0.046635 0.068590
0 0.880529 0.874199 0.033654 0.059295
0 0.851202 0.948718 0.016827 0.005769
0 0.837981 0.975962 0.019231 0.006410
0 0.876322 0.970673 0.031010 0.017628
0 0.773558 0.110737 0.005769 0.124038
0 0.559014 0.217628 0.040625 0.015385
0 0.503005 0.223558 0.024760 0.072115
0 0.487981 0.358814 0.050481 0.082372
0 0.605409 0.686538 0.043029 0.013462
0 0.707812 0.599359 0.127644 0.096154
0 0.688221 0.633814 0.008654 0.096474
0 0.680168 0.563782 0.041106 0.042949
0 0.678726 0.551122 0.032452 0.033013
0 0.864663 0.478526 0.016827 0.023077
0 0.926082 0.165064 0.043990 0.024359
0 0.650120 0.710737 0.050240 0.178526
0 0.678846 0.954808 0.063462 0.051282
0 0.777284 0.960256 0.033894 0.008333
0 0.940385 0.955929 0.034615 0.010577
0 0.980048 0.940224 0.039904 0.015064
0 0.896274 0.656090 0.107933 0.075000
0 0.390625 0.594872 0.026442 0.023077
0 0.451082 0.660096 0.007933 0.037500
0 0.483774 0.661859 0.005048 0.033974
0 0.507812 0.673077 0.011779 0.086538
0 0.488341 0.631250 0.017067 0.013782
0 0.373798 0.775641 0.054808 0.060897
0 0.489904 0.620994 0.011058 0.020192
0 0.443149 0.801282 0.171394 0.235897
0 0.328846 0.288622 0.060577 0.023397
0 0.317909 0.164423 0.068029 0.092949
0 0.353726 0.047276 0.086298 0.049679
0 0.257692 0.027083 0.076442 0.022756
0 0.072596 0.084135 0.039904 0.027885
0 0.113942 0.033013 0.078365 0.026282
0 0.236659 0.196474 0.048317 0.121154
0 0.172716 0.253686 0.013221 0.006731
0 0.108413 0.231571 0.091346 0.020833
0 0.114062 0.228365 0.090625 0.022756
0 0.378365 0.462821 0.028846 0.076282
0 0.188942 0.753205 0.066827 0.021795
0 0.097236 0.685417 0.042067 0.078526
0 0.109856 0.500160 0.071154 0.041346
0 0.325841 0.614423 0.045913 0.041026
0 0.314063 0.671154 0.071394 0.153846
0 0.291466 0.754167 0.014663 0.036538
0 0.221154 0.054327 0.077404 0.013782
0 0.186779 0.091186 0.068750 0.069551
0 0.188341 0.092468 0.060817 0.058013
0 0.150361 0.158173 0.011779 0.004167
0 0.042548 0.169551 0.046154 0.014103
0 0.221635 0.166346 0.051442 0.012821
0 0.115024 0.213942 0.135817 0.018910
0 0.127163 0.302885 0.198077 0.010256
0 0.173798 0.281090 0.021635 0.006410
0 0.172115 0.288622 0.018269 0.004167
0 0.204567 0.291987 0.008654 0.009615
0 0.125601 0.332692 0.047356 0.007692
0 0.070433 0.414583 0.074519 0.020833
0 0.035096 0.487179 0.026442 0.011538
0 0.287139 0.490385 0.018990 0.111538
0 0.281370 0.488301 0.018990 0.113782
0 0.310937 0.415705 0.347356 0.045513
0 0.256611 0.724519 0.049279 0.154808
0 0.406851 0.128205 0.054087 0.009615
0 0.408293 0.120032 0.050721 0.007372
0 0.416707 0.150481 0.024760 0.034295
0 0.459615 0.894391 0.040385 0.052885
0 0.479808 0.911699 0.040865 0.058013
0 0.538582 0.854968 0.067548 0.041346
0 0.647837 0.866667 0.042308 0.056410
0 0.239543 0.927885 0.044952 0.110256
0 0.274760 0.897917 0.008654 0.162500
0 0.116827 0.878205 0.083173 0.151282
0 0.296274 0.889583 0.015144 0.006090
0 0.288101 0.970673 0.005529 0.012500
0 0.297837 0.926442 0.006731 0.021474
0 0.421394 0.979647 0.033654 0.029167
0 0.434976 0.981250 0.015625 0.026603
0 0.628846 0.629487 0.011538 0.008974
0 0.937981 0.264904 0.055769 0.026603
0 0.937861 0.263942 0.019471 0.025962
0 0.677163 0.300000 0.061538 0.075641
0 0.046394 0.846635 0.015385 0.066346
0 0.180409 0.939583 0.063702 0.061218
0 0.187139 0.926923 0.016106 0.048077
0 0.172236 0.836538 0.010817 0.041667
0 0.722236 0.916346 0.030529 0.078205
0 0.747476 0.845994 0.041106 0.029808
0 0.816346 0.832051 0.090385 0.040385
0 0.948197 0.853365 0.023317 0.031731
0 0.858894 0.825160 0.014423 0.008654
0 0.821514 0.902244 0.100721 0.043590
0 0.371514 0.848878 0.020433 0.063782
0 0.463582 0.511378 0.024760 0.019551
0 0.486779 0.438462 0.029808 0.021154
0 0.453966 0.451603 0.030048 0.020513
0 0.362500 0.988782 0.004808 0.010256
0 0.891827 0.792949 0.044231 0.007692
0 0.798678 0.437821 0.018029 0.021154
