0 0.165024 0.054647 0.061779 0.108654
0 0.325601 0.059295 0.040144 0.058974
0 0.083894 0.071635 0.022115 0.087500
0 0.322596 0.115385 0.064904 0.030128
0 0.275361 0.078045 0.030048 0.016346
0 0.233654 0.075481 0.022596 0.015705
0 0.332332 0.253205 0.044952 0.192308
0 0.407933 0.161378 0.055769 0.155449
0 0.467909 0.179327 0.085817 0.138141
0 0.582452 0.222115 0.029808 0.094872
0 0.677404 0.070032 0.013942 0.133013
0 0.786178 0.131090 0.009856 0.057692
0 0.706010 0.230449 0.095673 0.044872
0 0.635457 0.143429 0.027644 0.011859
0 0.766466 0.071154 0.019952 0.037179
0 0.706250 0.381090 0.004808 0.095513
0 0.698798 0.379167 0.004327 0.088462
0 0.889543 0.529006 0.017067 0.118269
0 0.754808 0.545192 0.105769 0.126282
0 0.781370 0.547596 0.036298 0.131731
0 0.937019 0.252083 0.094712 0.081731
0 0.981731 0.202404 0.034615 0.038141
0 0.803726 0.711538 0.141106 0.103846
0 0.766346 0.741186 0.019231 0.105449
0 0.682933 0.804647 0.069712 0.131731
0 0.681010 0.809615 0.082692 0.155128
0 0.400841 0.733654 0.029567 0.127564
0 0.272596 0.940705 0.074038 0.118590
0 0.259135 0.513942 0.058654 0.145833
0 0.383053 0.538141 0.010817 0.157692
0 0.198077 0.301923 0.031250 0.161538
0 0.186418 0.315064 0.038221 0.178205
0 0.142668 0.799679 0.075721 0.202564
0 0.077644 0.532212 0.127404 0.115064
0 0.549038 0.443429 0.055769 0.104167
0 0.410697 0.309295 0.069471 0.032692
0 0.423438 0.391346 0.078125 0.290385
0 0.623798 0.475000 0.052404 0.149359
0 0.654207 0.570353 0.016106 0.117628
0 0.602284 0.658494 0.021394 0.156731
0 0.533654 0.617949 0.021154 0.078846
0 0.503125 0.588141 0.051442 0.401923
0 0.470673 0.561378 0.014423 0.124038
0 0.475361 0.582692 0.005048 0.060897
0 0.176322 0.794231 0.237260 0.285256
0 0.072957 0.409455 0.008894 0.030449
