0 0.289062 0.0976562 0.1 0.0734375 0.115116
0 0.672656 0.253906 0.0921875 0.117188 0.122754
0 0.76875 0.446094 0.10625 0.226562 0.126434
0 0.860937 0.832812 0.140625 0.26875 0.133241
0 0.965625 0.767187 0.0625 0.109375 0.276004
0 0.548437 0.589844 0.065625 0.120312 0.738857
0 0.498437 0.195312 0.253125 0.15625 0.744822
0 0.439844 0.560938 0.0453125 0.165625 0.751387
0 0.3875 0.340625 0.1625 0.196875 0.754308
0 0.652344 0.560938 0.0453125 0.15625 0.796291
0 0.290625 0.488281 0.103125 0.176563 0.919583
