0 0.6875 0.232812 0.1875 0.08125 0.117413
0 0.723437 0.614062 0.134375 0.225 0.136235
0 0.378906 0.265625 0.0640625 0.125 0.185247
0 0.0625 0.394531 0.0375 0.0328125 0.265363
0 0.773438 0.340625 0.1625 0.271875 0.404102
0 0.883594 0.464063 0.129688 0.18125 0.413307
0 0.789062 0.205469 0.06875 0.0796875 0.652185
0 0.488281 0.129688 0.257812 0.071875 0.732046
0 0.489062 0.194531 0.203125 0.0828125 0.765608
0 0.544531 0.642969 0.114063 0.179688 0.76637
0 0.210156 0.534375 0.123438 0.290625 0.828324
