0 0.304688 0.382031 0.23125 0.0203125 0.124734
0 0.635156 0.952344 0.0953125 0.0796875 0.133007
0 0.78125 0.760938 0.33125 0.109375 0.136993
0 0.0203125 0.846094 0.040625 0.0171875 0.141466
0 0.707031 0.978125 0.0796875 0.04375 0.143533
0 0.210938 0.346875 0.025 0.153125 0.144346
0 0.657812 0.972656 0.1 0.0546875 0.16142
0 0.7625 0.800781 0.2 0.142188 0.167594
0 0.510156 0.710938 0.0390625 0.009375 0.174472
0 0.990625 0.145313 0.01875 0.065625 0.183033
0 0.508594 0.892969 0.389062 0.0390625 0.183433
0 0.925781 0.859375 0.145313 0.015625 0.188454
0 0.0148437 0.3875 0.0296875 0.01875 0.199363
0 0.746875 0.853125 0.015625 0.009375 0.217806
0 0.757812 0.814844 0.040625 0.101562 0.225726
0 0.735937 0.75 0.45 0.053125 0.254907
0 0.189063 0.240625 0.096875 0.1875 0.275467
0 0.992188 0.127344 0.015625 0.0296875 0.280064
0 0.909375 0.685938 0.01875 0.009375 0.373004
0 0.885938 0.985937 0.215625 0.028125 0.447552
0 0.808594 0.729688 0.279687 0.059375 0.466312
0 0.94375 0.9875 0.109375 0.01875 0.475916
0 0.357812 0.23125 0.23125 0.040625 0.476457
0 0.464844 0.134375 0.0640625 0.0125 0.518483
0 0.0742188 0.863281 0.0171875 0.0796875 0.532093
0 0.915625 0.951563 0.06875 0.01875 0.648708
0 0.33125 0.307813 0.190625 0.021875 0.664841
0 0.358594 0.842188 0.142188 0.021875 0.746135
0 0.222656 0.397656 0.0203125 0.0890625 0.756974
0 0.495313 0.917188 0.378125 0.078125 0.785609
0 0.479688 0.366406 0.034375 0.276563 0.799968
0 0.782812 0.890625 0.115625 0.096875 0.801163
0 0.891406 0.374219 0.126563 0.101562 0.801931
0 0.589063 0.310937 0.028125 0.10625 0.816922
0 0.65 0.335156 0.03125 0.170312 0.841855
0 0.882812 0.736719 0.228125 0.0890625 0.85203
0 0.09375 0.379687 0.184375 0.178125 0.860258
0 0.748438 0.349219 0.05 0.304688 0.874426
0 0.113281 0.608594 0.0765625 0.0609375 0.90693
0 0.0585938 0.752344 0.117188 0.160938 0.910795
