0 0.442187 0.383594 0.2875 0.0546875 0.101749
0 0.800781 0.864062 0.0671875 0.05625 0.106376
0 0.364844 0.422656 0.154687 0.0953125 0.123506
0 0.939062 0.908594 0.121875 0.0140625 0.133443
0 0.157813 0.677344 0.009375 0.0109375 0.133766
0 0.015625 0.99375 0.03125 0.009375 0.138283
0 0.817187 0.880469 0.1 0.0234375 0.144607
0 0.465625 0.471875 0.109375 0.0375 0.150095
0 0.722656 0.905469 0.114063 0.189063 0.159721
0 0.807813 0.855469 0.06875 0.126563 0.160635
0 0.371875 0.48125 0.01875 0.025 0.171891
0 0.194531 0.675 0.120312 0.0125 0.185368
0 0.385938 0.324219 0.465625 0.0515625 0.19374
0 0.774219 0.871094 0.0359375 0.0078125 0.196822
0 0.975781 0.107813 0.0484375 0.059375 0.20628
0 0.0703125 0.857813 0.021875 0.009375 0.226259
0 0.328906 0.977344 0.135937 0.0453125 0.247458
0 0.527344 0.132812 0.0265625 0.075 0.277605
0 0.309375 0.410937 0.065625 0.0125 0.278415
0 0.367188 0.882812 0.140625 0.134375 0.326019
0 0.557031 0.514063 0.173438 0.159375 0.451485
0 0.847656 0.0359375 0.132812 0.071875 0.456763
0 0.355469 0.524219 0.0515625 0.0640625 0.461987
0 0.975 0.141406 0.05 0.126563 0.506176
0 0.455469 0.851562 0.201562 0.11875 0.525446
0 0.716406 0.152344 0.0453125 0.0265625 0.529374
0 0.428906 0.409375 0.292188 0.121875 0.562541
0 0.240625 0.328125 0.38125 0.059375 0.580593
0 0.197656 0.63125 0.0171875 0.034375 0.581826
0 0.096875 0.532031 0.053125 0.0171875 0.584264
0 0.809375 0.640625 0.025 0.071875 0.622677
0 0.969531 0.526563 0.0609375 0.0625 0.709172
0 0.98125 0.710938 0.0375 0.0625 0.730409
0 0.826563 0.889063 0.103125 0.221875 0.731061
0 0.084375 0.255469 0.13125 0.0109375 0.740784
0 0.0695312 0.160938 0.0984375 0.0375 0.74936
0 0.211719 0.232812 0.104687 0.015625 0.776383
0 0.320312 0.0851562 0.228125 0.170312 0.777283
0 0.399219 0.564844 0.214062 0.132812 0.80575
0 0.0914062 0.599219 0.0421875 0.0140625 0.80753
0 0.503125 0.478906 0.05625 0.101562 0.811101
0 0.282813 0.535156 0.178125 0.0578125 0.812491
0 0.3125 0.363281 0.09375 0.0765625 0.826811
0 0.721875 0.446094 0.55625 0.0515625 0.829067
0 0.942969 0.971875 0.0390625 0.05625 0.851158
0 0.171094 0.374219 0.151562 0.0296875 0.876593
0 0.553906 0.649219 0.0421875 0.182812 0.908195
0 0.549219 0.889844 0.114063 0.0453125 0.92269
0 0.152344 0.801562 0.0984375 0.1125 0.923418
0 0.29375 0.76875 0.05 0.221875 0.93169
0 0.695312 0.346094 0.121875 0.145313 0.956679
