0 0.263281 0.933594 0.0078125 0.0171875 0.11087
0 0.521094 0.809375 0.0140625 0.0125 0.12882
0 0.451562 0.380469 0.025 0.0171875 0.143169
0 0.985937 0.553906 0.028125 0.248437 0.154594
0 0.546875 0.907031 0.034375 0.129688 0.161371
0 0.672656 0.653125 0.0296875 0.015625 0.185254
0 0.426562 0.820312 0.00625 0.0125 0.195284
0 0.201562 0.823438 0.103125 0.05625 0.198162
0 0.992188 0.483594 0.015625 0.110937 0.219282
0 0.170312 0.0484375 0.071875 0.096875 0.269404
0 0.482812 0.449219 0.025 0.0109375 0.287082
0 0.0984375 0.760156 0.0125 0.204688 0.319198
0 0.691406 0.986719 0.0265625 0.0109375 0.33149
0 0.792188 0.7875 0.05625 0.10625 0.36077
0 0.65625 0.979688 0.021875 0.040625 0.412216
0 0.0742188 0.177344 0.0328125 0.0984375 0.483858
0 0.246094 0.71875 0.139062 0.14375 0.50628
0 0.14375 0.0609375 0.05 0.11875 0.540446
0 0.603906 0.460156 0.0453125 0.164062 0.611736
0 0.19375 0.0375 0.0375 0.075 0.649082
0 0.460938 0.835156 0.028125 0.0140625 0.706006
0 0.283594 0.830469 0.0796875 0.0921875 0.746164
0 0.475781 0.235938 0.0546875 0.03125 0.805804
0 0.173438 0.33125 0.1375 0.05625 0.825428
0 0.230469 0.225781 0.0703125 0.0765625 0.876287
0 0.0851562 0.503906 0.167187 0.0765625 0.877216
0 0.632812 0.426562 0.1375 0.253125 0.898474
0 0.314844 0.664844 0.185937 0.0859375 0.907408
0 0.615625 0.625781 0.24375 0.139062 0.907954
