0 0.721875 0.489844 0.009375 0.0140625 0.112389
0 0.0539063 0.83125 0.107813 0.0375 0.141649
0 0.107813 0.765625 0.009375 0.03125 0.150908
0 0.319531 0.819531 0.104687 0.0328125 0.176998
0 0.15 0.783594 0.2875 0.0328125 0.177006
0 0.120312 0.025 0.01875 0.05 0.180733
0 0.7 0.303125 0.071875 0.065625 0.180907
0 0.0109375 0.208594 0.021875 0.0734375 0.191983
0 0.105469 0.776563 0.148438 0.034375 0.1978
0 0.272656 0.761719 0.0953125 0.0671875 0.206011
0 0.755469 0.191406 0.0296875 0.0328125 0.218123
0 0.632812 0.980469 0.128125 0.0390625 0.219717
0 0.746094 0.560156 0.0203125 0.0109375 0.220589
0 0.744531 0.353125 0.0078125 0.028125 0.235433
0 0.657031 0.605469 0.435937 0.0203125 0.266729
0 0.407031 0.988281 0.104687 0.0234375 0.299655
0 0.709375 0.828125 0.075 0.0625 0.322215
0 0.373437 0.117969 0.028125 0.235938 0.34049
0 0.346094 0.829687 0.101562 0.05 0.350894
0 0.398438 0.0203125 0.05 0.040625 0.448066
0 0.314063 0.749219 0.06875 0.129688 0.453128
0 0.259375 0.809375 0.0125 0.015625 0.524229
0 0.610937 0.554688 0.325 0.065625 0.551702
0 0.260156 0.778125 0.0484375 0.034375 0.650639
0 0.63125 0.867969 0.15625 0.0140625 0.668904
0 0.489062 0.389062 0.16875 0.065625 0.675255
0 0.397656 0.659375 0.151562 0.021875 0.706265
0 0.15 0.519531 0.20625 0.0640625 0.747433
0 0.948438 0.0351562 0.0375 0.0328125 0.750369
0 0.651563 0.182812 0.01875 0.321875 0.820619
0 0.165625 0.627344 0.19375 0.0578125 0.842735
0 0.505469 0.0734375 0.0421875 0.103125 0.857003
0 0.565625 0.119531 0.0625 0.173438 0.865643
0 0.250781 0.717969 0.0921875 0.189063 0.872601
0 0.242969 0.321875 0.0734375 0.078125 0.889288
0 0.467969 0.755469 0.254687 0.0890625 0.894078
