0 0.0132813 0.29375 0.0265625 0.03125 0.100424
0 0.607813 0.758594 0.109375 0.0484375 0.102156
0 0.114063 0.816406 0.096875 0.0390625 0.109877
0 0.0601562 0.653906 0.0109375 0.0328125 0.110019
0 0.819531 0.832812 0.0171875 0.228125 0.129763
0 0.748438 0.804688 0.109375 0.015625 0.150352
0 0.0398437 0.967188 0.0796875 0.065625 0.167887
0 0.0617188 0.785937 0.0078125 0.021875 0.234199
0 0.0367187 0.910937 0.0078125 0.01875 0.239893
0 0.128125 0.963281 0.046875 0.0734375 0.260337
0 0.0804688 0.740625 0.0078125 0.01875 0.274622
0 0.559375 0.740625 0.00625 0.03125 0.275479
0 0.08125 0.814844 0.009375 0.0171875 0.288475
0 0.827344 0.814844 0.0546875 0.298438 0.300745
0 0.308594 0.960156 0.0109375 0.0140625 0.319375
0 0.952344 0.686719 0.0953125 0.292188 0.373615
0 0.577344 0.394531 0.117188 0.379687 0.376736
0 0.827344 0.817969 0.0265625 0.279687 0.419099
0 0.0632813 0.657812 0.0078125 0.028125 0.457895
0 0.632031 0.232031 0.0171875 0.0546875 0.56301
0 0.09375 0.892969 0.065625 0.214062 0.655242
0 0.177344 0.0414063 0.0890625 0.0828125 0.689
0 0.142188 0.966406 0.028125 0.0671875 0.702795
0 0.267969 0.872656 0.0203125 0.0609375 0.771307
0 0.909375 0.794531 0.165625 0.307813 0.780113
0 0.374219 0.294531 0.264062 0.123438 0.802212
0 0.547656 0.454688 0.0546875 0.234375 0.836309
0 0.660156 0.151562 0.0953125 0.24375 0.840884
0 0.532031 0.0585938 0.139062 0.0640625 0.8835
0 0.300781 0.169531 0.0828125 0.151562 0.904198
0 0.858594 0.207813 0.101562 0.146875 0.907394
0 0.49375 0.669531 0.103125 0.626562 0.909737
0 0.699219 0.457031 0.0484375 0.157813 0.937084
0 0.160938 0.728906 0.08125 0.104687 0.940225
0 0.24375 0.489062 0.059375 0.15625 0.940647
0 0.411719 0.894531 0.117188 0.157813 0.949904
