0 0.852344 0.765625 0.0421875 0.075 0.103675
0 0.208594 0.0359375 0.0296875 0.071875 0.104192
0 0.699219 0.423438 0.0703125 0.0625 0.129873
0 0.719531 0.894531 0.0484375 0.0171875 0.134004
0 0.828125 0.890625 0.034375 0.009375 0.140004
0 0.173438 0.769531 0.15625 0.0734375 0.220686
0 0.628906 0.320312 0.0171875 0.009375 0.223683
0 0.121875 0.957031 0.146875 0.0859375 0.224335
0 0.107813 0.744531 0.0125 0.0078125 0.22954
0 0.3875 0.516406 0.0125 0.0109375 0.233675
0 0.267188 0.4125 0.09375 0.021875 0.295317
0 0.786719 0.552344 0.317187 0.0140625 0.307815
0 0.616406 0.795313 0.114063 0.121875 0.317417
0 0.945312 0.759375 0.1 0.05625 0.396833
0 0.346875 0.117969 0.025 0.0203125 0.448031
0 0.392969 0.761719 0.0109375 0.0140625 0.503349
0 0.838281 0.855469 0.110937 0.0109375 0.512354
0 0.0742188 0.934375 0.104687 0.090625 0.512907
0 0.308594 0.741406 0.0703125 0.0953125 0.527149
0 0.692969 0.890625 0.101562 0.01875 0.544748
0 0.425781 0.663281 0.214062 0.0703125 0.554066
0 0.95625 0.865625 0.084375 0.0875 0.712312
0 0.796875 0.285937 0.128125 0.034375 0.784699
0 0.210156 0.188281 0.220313 0.0984375 0.859751
0 0.0367187 0.717188 0.0734375 0.14375 0.867536
0 0.382031 0.885938 0.0828125 0.1125 0.878601
0 0.253125 0.610156 0.353125 0.0984375 0.881997
0 0.835938 0.357031 0.11875 0.0609375 0.901805
0 0.207813 0.485156 0.1625 0.0765625 0.925183
0 0.3875 0.804688 0.1 0.0625 0.926876
