0 0.0617188 0.453906 0.120312 0.0484375 0.107779
0 0.745313 0.525 0.034375 0.059375 0.111193
0 0.517187 0.763281 0.103125 0.0171875 0.141905
0 0.952344 0.975 0.0921875 0.05 0.17669
0 0.171875 0.489844 0.046875 0.0140625 0.201563
0 0.633594 0.659375 0.267188 0.05625 0.206317
0 0.707812 0.539062 0.046875 0.146875 0.214996
0 0.0554687 0.199219 0.0578125 0.0140625 0.218036
0 0.378906 0.144531 0.0078125 0.0109375 0.287123
0 0.473437 0.228906 0.028125 0.0078125 0.29137
0 0.135156 0.395312 0.123438 0.0375 0.315195
0 0.808594 0.577344 0.110937 0.0421875 0.351721
0 0.8125 0.514844 0.08125 0.0203125 0.487821
0 0.429688 0.407031 0.14375 0.0296875 0.493645
0 0.501562 0.205469 0.053125 0.0140625 0.552476
0 0.807031 0.890625 0.0671875 0.021875 0.556024
0 0.915625 0.310937 0.08125 0.1375 0.617755
0 0.0445312 0.353125 0.0859375 0.0375 0.640815
0 0.982031 0.778125 0.0171875 0.096875 0.723122
0 0.445312 0.184375 0.015625 0.009375 0.7601
0 0.966406 0.839844 0.0671875 0.0640625 0.770709
0 0.0820312 0.789844 0.0734375 0.0265625 0.778298
0 0.624219 0.729688 0.145313 0.028125 0.780417
0 0.403125 0.0765625 0.03125 0.0125 0.786385
0 0.399219 0.594531 0.0234375 0.0578125 0.796677
0 0.157813 0.892969 0.046875 0.107813 0.830244
0 0.624219 0.424219 0.114063 0.0734375 0.911415
0 0.560156 0.078125 0.123438 0.0375 0.915454
0 0.523438 0.717969 0.1875 0.167187 0.922041
0 0.349219 0.934375 0.0578125 0.128125 0.926533
0 0.496094 0.423438 0.139062 0.31875 0.930036
0 0.285156 0.433594 0.120312 0.123438 0.936893
0 0.830469 0.735156 0.114063 0.114063 0.962136
