0 0.724219 0.565625 0.0734375 0.034375 0.10564
0 0.7375 0.357031 0.084375 0.0140625 0.126406
0 0.0710938 0.696094 0.129688 0.0953125 0.129619
0 0.286719 0.761719 0.0078125 0.0265625 0.131768
0 0.0632813 0.803906 0.0984375 0.0390625 0.143702
0 0.0390625 0.814844 0.04375 0.0109375 0.152829
0 0.459375 0.978125 0.028125 0.040625 0.171835
0 0.939844 0.914844 0.0421875 0.0765625 0.183623
0 0.774219 0.360938 0.170312 0.021875 0.210833
0 0.305469 0.0179687 0.0984375 0.0359375 0.264441
0 0.30625 0.5125 0.53125 0.04375 0.267374
0 0.265625 0.348437 0.01875 0.0125 0.282648
0 0.777344 0.766406 0.0578125 0.0140625 0.301447
0 0.185156 0.300781 0.0109375 0.0234375 0.304455
0 0.263281 0.282031 0.0140625 0.0390625 0.370755
0 0.475781 0.978125 0.0609375 0.04375 0.383632
0 0.217187 0.607813 0.065625 0.0125 0.387463
0 0.975 0.695312 0.05 0.1 0.413878
0 0.952344 0.9375 0.0484375 0.071875 0.417972
0 0.728906 0.564062 0.0078125 0.03125 0.497339
0 0.560156 0.682031 0.0171875 0.0296875 0.612818
0 0.0554687 0.0242187 0.110937 0.0484375 0.621272
0 0.0578125 0.813281 0.075 0.0171875 0.642279
0 0.721094 0.0664062 0.0171875 0.132812 0.654094
0 0.679688 0.158594 0.0375 0.239063 0.678648
0 0.889844 0.603125 0.117188 0.0375 0.7273
0 0.511719 0.482812 0.220313 0.028125 0.735331
0 0.697656 0.578906 0.204688 0.0265625 0.761946
0 0.084375 0.434375 0.146875 0.021875 0.775998
0 0.882812 0.840625 0.2 0.075 0.802518
0 0.0726563 0.551562 0.145313 0.10625 0.837337
0 0.329688 0.890625 0.040625 0.146875 0.839094
0 0.939844 0.657812 0.117188 0.096875 0.854641
0 0.771094 0.800781 0.0421875 0.276563 0.884854
0 0.104687 0.660937 0.19375 0.171875 0.893265
0 0.54375 0.0632813 0.059375 0.126563 0.895059
0 0.328906 0.425781 0.104687 0.151562 0.916605
0 0.458594 0.31875 0.167187 0.0625 0.919886
0 0.11875 0.841406 0.09375 0.157813 0.935834
0 0.532812 0.749219 0.215625 0.0734375 0.937529
