0 0.986719 0.710156 0.0234375 0.0171875 0.100028
0 0.559375 0.065625 0.03125 0.121875 0.110934
0 0.290625 0.291406 0.171875 0.0640625 0.110955
0 0.122656 0.0234375 0.0109375 0.0125 0.112549
0 0.975781 0.711719 0.0484375 0.0203125 0.145647
0 0.0171875 0.955469 0.03125 0.0390625 0.151847
0 0.835938 0.778125 0.190625 0.0125 0.158672
0 0.0257812 0.111719 0.0078125 0.0109375 0.179904
0 0.317187 0.985156 0.128125 0.0296875 0.188034
0 0.71875 0.736719 0.059375 0.0171875 0.216976
0 0.990625 0.090625 0.01875 0.028125 0.251889
0 0.0609375 0.794531 0.115625 0.0546875 0.330288
0 0.535937 0.172656 0.0125 0.257812 0.340028
0 0.892969 0.601562 0.151562 0.08125 0.379794
0 0.0179687 0.965625 0.0296875 0.0125 0.510987
0 0.735156 0.735156 0.0390625 0.0078125 0.527704
0 0.0890625 0.389844 0.165625 0.0890625 0.613123
0 0.960156 0.55625 0.0796875 0.01875 0.633285
0 0.307031 0.949219 0.0171875 0.0984375 0.790092
0 0.0664062 0.786719 0.126563 0.179688 0.804513
0 0.334375 0.378906 0.196875 0.0265625 0.820228
0 0.0875 0.951563 0.103125 0.096875 0.825218
0 0.477344 0.782031 0.229687 0.0296875 0.831635
0 0.371094 0.821875 0.0265625 0.109375 0.844638
0 0.710156 0.732813 0.0609375 0.190625 0.862651
0 0.909375 0.742188 0.04375 0.11875 0.879429
0 0.44375 0.515625 0.240625 0.096875 0.892385
0 0.375 0.0828125 0.096875 0.1625 0.898731
0 0.614062 0.577344 0.209375 0.0828125 0.918222
0 0.23125 0.519531 0.121875 0.123438 0.933748
0 0.890625 0.560938 0.140625 0.178125 0.955982
