0 0.0164062 0.717969 0.0234375 0.0484375 0.122684
0 0.01875 0.632031 0.025 0.0890625 0.129376
0 0.114063 0.210938 0.025 0.04375 0.129446
0 0.0164062 0.733594 0.0203125 0.0265625 0.13144
0 0.586719 0.882031 0.0734375 0.0234375 0.135956
0 0.015625 0.48125 0.025 0.03125 0.145573
0 0.0296875 0.0992187 0.05 0.0390625 0.15007
0 0.489062 0.950781 0.190625 0.0265625 0.161367
0 0.777344 0.946094 0.0390625 0.0109375 0.163183
0 0.01875 0.592188 0.025 0.05 0.170301
0 0.0171875 0.449219 0.03125 0.0859375 0.172435
0 0.0140625 0.271094 0.021875 0.0390625 0.186454
0 0.292969 0.726562 0.0390625 0.034375 0.199749
0 0.0125 0.307813 0.015625 0.01875 0.218461
0 0.0179687 0.770312 0.0171875 0.034375 0.220836
0 0.160156 0.55 0.0234375 0.009375 0.221285
0 0.440625 0.950781 0.4625 0.0359375 0.231262
0 0.886719 0.865625 0.0859375 0.0375 0.247126
0 0.0164062 0.365625 0.0265625 0.0875 0.251493
0 0.509375 0.980469 0.0625 0.0234375 0.258455
0 0.0796875 0.398438 0.021875 0.053125 0.324039
0 0.38125 0.409375 0.025 0.06875 0.339719
0 0.0140625 0.223438 0.025 0.05 0.356752
0 0.0773437 0.0921875 0.0265625 0.05 0.357046
0 0.015625 0.207813 0.021875 0.03125 0.37199
0 0.0179687 0.533594 0.0234375 0.0609375 0.37408
0 0.0171875 0.457031 0.028125 0.0359375 0.381286
0 0.0179687 0.401563 0.0296875 0.05625 0.457299
0 0.547656 0.985156 0.129688 0.0296875 0.464362
0 0.0195312 0.649219 0.0203125 0.0390625 0.488037
0 0.742188 0.952344 0.10625 0.0203125 0.491012
0 0.0804688 0.272656 0.0234375 0.0453125 0.543634
0 0.319531 0.715625 0.0078125 0.015625 0.566771
0 0.0132813 0.09375 0.0234375 0.046875 0.572408
0 0.292188 0.734375 0.03125 0.015625 0.578239
0 0.578125 0.644531 0.009375 0.0609375 0.579885
0 0.980469 0.64375 0.0390625 0.121875 0.591568
0 0.078125 0.152344 0.025 0.0484375 0.594767
0 0.351562 0.459375 0.009375 0.015625 0.613299
0 0.0789063 0.211719 0.0265625 0.0515625 0.657214
0 0.015625 0.845312 0.021875 0.046875 0.665171
0 0.0171875 0.34375 0.025 0.0375 0.686661
0 0.0140625 0.154687 0.025 0.059375 0.710124
0 0.314844 0.494531 0.0359375 0.0203125 0.710732
0 0.0796875 0.3375 0.025 0.05 0.721797
0 0.572656 0.889063 0.0515625 0.01875 0.725834
0 0.371875 0.396875 0.084375 0.128125 0.770992
0 0.0796875 0.467187 0.025 0.05625 0.777234
0 0.640625 0.278906 0.109375 0.0890625 0.793312
0 0.298438 0.18125 0.06875 0.14375 0.795057
0 0.599219 0.865625 0.151562 0.034375 0.799437
0 0.745313 0.742969 0.0375 0.0171875 0.825289
0 0.238281 0.971094 0.117188 0.0203125 0.834915
0 0.844531 0.553125 0.0171875 0.140625 0.843241
0 0.434375 0.0625 0.1 0.125 0.912621
0 0.491406 0.753125 0.101562 0.090625 0.953263
