0 0.955469 0.325 0.0890625 0.0125 0.190153
0 0.624219 0.867969 0.751562 0.104687 0.205059
0 0.960156 0.06875 0.0765625 0.090625 0.224023
0 0.984375 0.253906 0.03125 0.132812 0.587173
0 0.485938 0.840625 0.859375 0.090625 0.643239
0 0.889063 0.0757812 0.21875 0.0609375 0.736388
0 0.861719 0.542188 0.126563 0.028125 0.817604
0 0.909375 0.496875 0.1125 0.03125 0.848355
0 0.675 0.304688 0.24375 0.0375 0.901589
0 0.81875 0.153125 0.140625 0.028125 0.907611
0 0.757031 0.457812 0.157813 0.140625 0.952665
