0 0.0601562 0.009375 0.120312 0.01875 0.118977
0 0.992969 0.530469 0.0140625 0.207813 0.142186
0 0.260156 0.679688 0.0203125 0.0125 0.150633
0 0.0320312 0.46875 0.0640625 0.309375 0.211096
0 0.989844 0.489844 0.0203125 0.110937 0.388027
0 0.785156 0.291406 0.0234375 0.0171875 0.409806
0 0.94375 0.942187 0.05625 0.115625 0.423482
0 0.053125 0.825781 0.025 0.0546875 0.484408
0 0.4 0.982813 0.078125 0.034375 0.513781
0 0.230469 0.528125 0.0109375 0.025 0.634297
0 0.0328125 0.849219 0.059375 0.104687 0.692639
0 0.935156 0.932031 0.0296875 0.0953125 0.709432
0 0.0195312 0.828906 0.0390625 0.0703125 0.778356
0 0.209375 0.563281 0.015625 0.0234375 0.778585
0 0.826563 0.040625 0.140625 0.08125 0.793891
0 0.361719 0.685156 0.0296875 0.0296875 0.801626
0 0.819531 0.765625 0.0171875 0.165625 0.80677
0 0.16875 0.648438 0.009375 0.034375 0.824776
0 0.184375 0.953125 0.05 0.03125 0.82785
0 0.178906 0.0679687 0.0296875 0.0796875 0.828514
0 0.0648438 0.925 0.0390625 0.053125 0.861788
0 0.669531 0.0632813 0.164062 0.0640625 0.87538
0 0.789844 0.139844 0.0484375 0.0921875 0.881362
0 0.0875 0.535937 0.05 0.178125 0.89489
0 0.314063 0.842969 0.05 0.126563 0.898403
0 0.628906 0.616406 0.0296875 0.154687 0.906511
0 0.577344 0.467187 0.0578125 0.075 0.909907
0 0.348437 0.315625 0.05 0.053125 0.92026
0 0.5875 0.2125 0.0875 0.065625 0.922187
0 0.299219 0.564844 0.0421875 0.164062 0.924425
0 0.696875 0.475 0.04375 0.171875 0.927946
0 0.514844 0.742188 0.0703125 0.06875 0.928013
0 0.485156 0.335156 0.0671875 0.129688 0.938651
0 0.80625 0.599219 0.09375 0.101562 0.939751
0 0.405469 0.148438 0.110937 0.14375 0.94495
0 0.0773437 0.257812 0.132812 0.096875 0.954314
0 0.742969 0.383594 0.107813 0.0484375 0.956718
