0 0.613281 0.985937 0.0171875 0.021875 0.112674
0 0.739844 0.688281 0.0609375 0.117188 0.125435
0 0.750781 0.711719 0.0390625 0.0578125 0.130603
0 0.785937 0.734375 0.009375 0.0125 0.149759
0 0.865625 0.323438 0.165625 0.021875 0.223882
0 0.905469 0.485156 0.101562 0.0109375 0.241877
0 0.983594 0.858594 0.0328125 0.0328125 0.33584
0 0.972656 0.200781 0.0546875 0.207813 0.447012
0 0.795313 0.053125 0.090625 0.10625 0.65273
0 0.690625 0.984375 0.090625 0.03125 0.729065
0 0.210938 0.702344 0.009375 0.0703125 0.751076
0 0.282031 0.966406 0.114063 0.0671875 0.845595
0 0.48125 0.9375 0.21875 0.025 0.847787
0 0.539844 0.661719 0.0390625 0.0828125 0.87589
0 0.385938 0.182812 0.103125 0.14375 0.905604
0 0.8875 0.709375 0.040625 0.290625 0.923025
0 0.524219 0.296875 0.148438 0.171875 0.937209
0 0.383594 0.814062 0.170312 0.1 0.949659
0 0.733594 0.549219 0.139062 0.101562 0.956589
0 0.507031 0.453906 0.176563 0.164062 0.956779
0 0.24375 0.435937 0.08125 0.153125 0.962027
