0 0.486719 0.965625 0.0359375 0.05625 0.101425
0 0.448438 0.523438 0.00625 0.034375 0.102647
0 0.8125 0.747656 0.25625 0.0234375 0.10283
0 0.0210938 0.183594 0.0234375 0.0296875 0.103843
0 0.0335938 0.453906 0.0265625 0.0484375 0.10469
0 0.11875 0.938281 0.0625 0.0578125 0.109378
0 0.0359375 0.195312 0.04375 0.053125 0.127287
0 0.00625 0.571094 0.0125 0.0453125 0.132287
0 0.0046875 0.326562 0.009375 0.040625 0.13317
0 0.96875 0.895312 0.0375 0.046875 0.150184
0 0.0226563 0.196875 0.0265625 0.05 0.158535
0 0.0195312 0.7 0.0296875 0.04375 0.16089
0 0.991406 0.957031 0.0171875 0.0421875 0.176577
0 0.00390625 0.646875 0.0078125 0.025 0.205227
0 0.0421875 0.694531 0.034375 0.0453125 0.210166
0 0.65625 0.290625 0.009375 0.11875 0.222839
0 0.00546875 0.388281 0.0109375 0.0359375 0.231512
0 0.0164062 0.0710938 0.0265625 0.0515625 0.252475
0 0.00625 0.457812 0.0125 0.04375 0.257429
0 0.009375 0.878906 0.01875 0.0328125 0.259678
0 0.00859375 0.941406 0.0140625 0.0390625 0.260817
0 0.075 0.935938 0.021875 0.040625 0.281326
0 0.0664062 0.446875 0.0328125 0.046875 0.282661
0 0.0203125 0.136719 0.025 0.0578125 0.287724
0 0.205469 0.96875 0.0453125 0.040625 0.296041
0 0.925781 0.960938 0.0359375 0.046875 0.296253
0 0.0671875 0.625781 0.03125 0.0484375 0.314272
0 0.0664062 0.746094 0.0265625 0.0359375 0.317346
0 0.0078125 0.697656 0.015625 0.0421875 0.32235
0 0.0101562 0.821875 0.0203125 0.046875 0.378666
0 0.00859375 0.485156 0.0171875 0.0359375 0.385464
0 0.0171875 0.021875 0.028125 0.040625 0.432928
0 0.140625 0.984375 0.03125 0.028125 0.438899
0 0.03125 0.755469 0.03125 0.0421875 0.449234
0 0.0078125 0.764063 0.015625 0.04375 0.451156
0 0.976562 0.963281 0.046875 0.0515625 0.467535
0 0.0078125 0.519531 0.015625 0.0421875 0.478352
0 0.914062 0.755469 0.171875 0.0265625 0.483712
0 0.0632813 0.391406 0.0296875 0.0453125 0.533537
0 0.0632813 0.570312 0.0328125 0.053125 0.544565
0 0.065625 0.691406 0.028125 0.0453125 0.554326
0 0.0328125 0.819531 0.028125 0.0484375 0.617904
0 0.169531 0.977344 0.0296875 0.0359375 0.66452
0 0.0359375 0.391406 0.028125 0.0484375 0.666666
0 0.0679687 0.50625 0.0265625 0.04375 0.702732
0 0.763281 0.0195312 0.114063 0.0390625 0.712411
0 0.0523437 0.19375 0.0265625 0.05625 0.714083
0 0.10625 0.93125 0.025 0.04375 0.733929
0 0.224219 0.724219 0.0484375 0.0296875 0.768644
0 0.903125 0.449219 0.10625 0.132812 0.784093
0 0.0304688 0.697656 0.0265625 0.0484375 0.786348
0 0.307031 0.0554687 0.126563 0.110937 0.837503
0 0.49375 0.392969 0.221875 0.0296875 0.890235
0 0.814844 0.663281 0.229687 0.0515625 0.891696
0 0.902344 0.152344 0.0421875 0.301562 0.892403
0 0.498437 0.713281 0.04375 0.0671875 0.893807
0 0.372656 0.254687 0.148438 0.08125 0.91595
0 0.211719 0.642187 0.173438 0.08125 0.92964
0 0.678125 0.478906 0.1375 0.126563 0.931827
0 0.620313 0.690625 0.08125 0.11875 0.953774
