0 0.200781 0.296094 0.0140625 0.0078125 0.126128
0 0.940625 0.900781 0.115625 0.142188 0.128181
0 0.151562 0.109375 0.09375 0.196875 0.158424
0 0.280469 0.009375 0.0296875 0.01875 0.198708
0 0.508594 0.767187 0.0078125 0.009375 0.199567
0 0.988281 0.0984375 0.0234375 0.071875 0.320798
0 0.267969 0.0101562 0.0578125 0.0203125 0.342629
0 0.04375 0.809375 0.071875 0.11875 0.357823
0 0.157813 0.213281 0.040625 0.0296875 0.389371
0 0.1625 0.936719 0.015625 0.0203125 0.443424
0 0.326562 0.970312 0.084375 0.0125 0.471295
0 0.324219 0.980469 0.0859375 0.0140625 0.548244
0 0.889844 0.942187 0.0109375 0.115625 0.560127
0 0.43125 0.163281 0.028125 0.139062 0.670271
0 0.371875 0.149219 0.015625 0.0671875 0.696927
0 0.854688 0.550781 0.03125 0.0203125 0.697249
0 0.440625 0.527344 0.025 0.0140625 0.715218
0 0.616406 0.985937 0.148438 0.028125 0.728176
0 0.299219 0.324219 0.0171875 0.0140625 0.728821
0 0.43125 0.188281 0.03125 0.0171875 0.735204
0 0.196875 0.921094 0.115625 0.148438 0.753903
0 0.123438 0.0921875 0.03125 0.184375 0.755494
0 0.401563 0.375781 0.034375 0.0234375 0.804745
0 0.840625 0.0367187 0.03125 0.0734375 0.807523
0 0.389844 0.796875 0.0296875 0.021875 0.825055
0 0.175 0.226562 0.084375 0.06875 0.826307
0 0.467187 0.132031 0.028125 0.139062 0.836782
0 0.557031 0.192188 0.214062 0.04375 0.838912
0 0.125781 0.419531 0.0265625 0.173438 0.844043
0 0.559375 0.819531 0.059375 0.0234375 0.846914
0 0.414844 0.0539063 0.154687 0.107813 0.857537
0 0.469531 0.946875 0.0390625 0.09375 0.85971
0 0.283594 0.253906 0.0390625 0.0328125 0.873734
0 0.198437 0.726562 0.096875 0.05 0.896451
0 0.807031 0.802344 0.0390625 0.0609375 0.905635
0 0.559375 0.332031 0.171875 0.0234375 0.919827
0 0.585156 0.4125 0.0734375 0.1375 0.930723
0 0.75625 0.573438 0.140625 0.0875 0.931249
0 0.267969 0.457812 0.0484375 0.109375 0.93523
0 0.679688 0.09375 0.078125 0.1875 0.938024
0 0.722656 0.213281 0.310937 0.148438 0.939376
0 0.578906 0.103906 0.139062 0.0359375 0.940636
0 0.896094 0.189063 0.0734375 0.11875 0.953318
0 0.442969 0.610937 0.0765625 0.128125 0.962926
