0 0.276563 0.046875 0.4875 0.09375 0.101494
0 0.128906 0.053125 0.254687 0.10625 0.161624
0 0.614062 0.294531 0.01875 0.0234375 0.176404
0 0.910937 0.957031 0.040625 0.0828125 0.209653
0 0.0445312 0.650781 0.0890625 0.126563 0.212847
0 0.128906 0.0507812 0.0671875 0.0328125 0.230439
0 0.0296875 0.142969 0.059375 0.123438 0.252106
0 0.528125 0.390625 0.028125 0.0125 0.277761
0 0.7625 0.724219 0.015625 0.0171875 0.318287
0 0.795313 0.700781 0.09375 0.0640625 0.318933
0 0.25 0.221094 0.090625 0.0265625 0.36624
0 0.878125 0.895312 0.028125 0.08125 0.406533
0 0.979688 0.709375 0.040625 0.040625 0.412911
0 0.91875 0.978906 0.04375 0.0421875 0.446172
0 0.157813 0.0367187 0.140625 0.0703125 0.634396
0 0.0257812 0.810156 0.0515625 0.0796875 0.639124
0 0.589063 0.852344 0.146875 0.0265625 0.651658
0 0.9375 0.145313 0.109375 0.06875 0.68642
0 0.721094 0.561719 0.126563 0.0296875 0.775402
0 0.528906 0.501562 0.0671875 0.04375 0.804299
0 0.090625 0.965625 0.14375 0.028125 0.805555
0 0.942969 0.391406 0.114063 0.0328125 0.841987
0 0.639063 0.761719 0.071875 0.0890625 0.867111
0 0.353125 0.205469 0.04375 0.107813 0.879748
0 0.3 0.595312 0.090625 0.165625 0.914336
0 0.509375 0.126563 0.04375 0.253125 0.915402
0 0.130469 0.378125 0.107813 0.26875 0.939766
0 0.380469 0.814844 0.132812 0.239063 0.954849
0 0.503906 0.6625 0.145313 0.103125 0.956995
