0 0.897656 0.980469 0.179688 0.0390625 0.254883
0 0.735156 0.79375 0.0671875 0.0875 0.502829
0 0.827344 0.424219 0.0109375 0.0453125 0.666325
0 0.7125 0.06875 0.39375 0.134375 0.710387
0 0.716406 0.752344 0.129688 0.0234375 0.716564
0 0.96875 0.869531 0.0625 0.101562 0.743683
0 0.863281 0.365625 0.0171875 0.046875 0.765461
0 0.732031 0.528125 0.117188 0.015625 0.769035
0 0.8625 0.41875 0.01875 0.053125 0.786952
0 0.669531 0.364844 0.129688 0.0515625 0.842673
0 0.527344 0.795313 0.0953125 0.11875 0.849354
0 0.896875 0.496094 0.03125 0.0984375 0.88424
0 0.35 0.755469 0.040625 0.248437 0.884888
0 0.280469 0.594531 0.0421875 0.142188 0.907488
0 0.346094 0.430469 0.0484375 0.132812 0.934025
0 0.809375 0.2125 0.1625 0.16875 0.957579
