0 0.467187 0.0304688 0.015625 0.0421875 0.10371
0 0.0539063 0.720312 0.0859375 0.01875 0.105489
0 0.985937 0.89375 0.028125 0.046875 0.108424
0 0.0445312 0.590625 0.0890625 0.040625 0.109814
0 0.459375 0.0171875 0.01875 0.034375 0.12205
0 0.984375 0.480469 0.025 0.0296875 0.142069
0 0.95 0.510156 0.028125 0.0453125 0.147634
0 0.924219 0.0234375 0.0328125 0.0375 0.157139
0 0.0625 0.601562 0.121875 0.034375 0.168609
0 0.920313 0.0859375 0.040625 0.05 0.198966
0 0.748438 0.0078125 0.028125 0.015625 0.258482
0 0.432813 0.930469 0.0125 0.0828125 0.287352
0 0.982031 0.452344 0.0203125 0.0328125 0.301753
0 0.942187 0.201562 0.021875 0.04375 0.306544
0 0.961719 0.23125 0.0734375 0.03125 0.311313
0 0.952344 0.392188 0.0265625 0.04375 0.324786
0 0.529688 0.619531 0.109375 0.0234375 0.373266
0 0.907031 0.028125 0.0203125 0.034375 0.427857
0 0.500781 0.0601562 0.0609375 0.0171875 0.440139
0 0.496875 0.0335938 0.046875 0.0578125 0.449929
0 0.265625 0.833594 0.040625 0.0171875 0.515202
0 0.632812 0.05625 0.271875 0.01875 0.639354
0 0.989062 0.0804688 0.01875 0.0359375 0.639851
0 0.167969 0.978125 0.0203125 0.04375 0.641346
0 0.939062 0.0210938 0.025 0.0328125 0.681483
0 0.43125 0.70625 0.134375 0.021875 0.689941
0 0.725 0.827344 0.028125 0.0140625 0.741522
0 0.907031 0.0898438 0.0234375 0.0484375 0.746359
0 0.989844 0.14375 0.0171875 0.040625 0.758555
0 0.658594 0.260938 0.0578125 0.021875 0.765058
0 0.0257812 0.910937 0.0515625 0.071875 0.796617
0 0.214062 0.355469 0.19375 0.0859375 0.841761
0 0.939844 0.0820312 0.0234375 0.0453125 0.878835
0 0.940625 0.144531 0.021875 0.0421875 0.895509
0 0.540625 0.800781 0.075 0.0828125 0.899557
0 0.775 0.594531 0.125 0.0203125 0.907811
0 0.180469 0.113281 0.123438 0.0578125 0.92158
0 0.748438 0.153906 0.109375 0.204688 0.934887
