0 0.0398437 0.507031 0.0796875 0.0265625 0.103748
0 0.95625 0.940625 0.009375 0.046875 0.11352
0 0.0125 0.145313 0.025 0.0375 0.120818
0 0.814062 0.101562 0.1 0.10625 0.156038
0 0.636719 0.582031 0.0078125 0.0203125 0.165805
0 0.0132813 0.155469 0.0265625 0.0203125 0.181392
0 0.410937 0.9875 0.040625 0.025 0.187576
0 0.0984375 0.564062 0.053125 0.025 0.188742
0 0.0554687 0.54375 0.110937 0.06875 0.232639
0 0.728125 0.495313 0.015625 0.0625 0.310392
0 0.00546875 0.504687 0.0109375 0.01875 0.312545
0 0.16875 0.744531 0.00625 0.0109375 0.313799
0 0.0507812 0.520312 0.101562 0.0375 0.36961
0 0.839844 0.739062 0.0109375 0.0875 0.403263
0 0.417969 0.989062 0.0171875 0.021875 0.411498
0 0.957031 0.957812 0.0140625 0.084375 0.423332
0 0.269531 0.0726563 0.0359375 0.0078125 0.428901
0 0.909375 0.177344 0.159375 0.0171875 0.434657
0 0.624219 0.515625 0.0140625 0.015625 0.451996
0 0.0507812 0.532812 0.101562 0.021875 0.512683
0 0.05625 0.559375 0.1125 0.028125 0.524143
0 0.985156 0.0273438 0.0265625 0.0546875 0.527086
0 0.05625 0.252344 0.1125 0.0203125 0.548314
0 0.157031 0.802344 0.0078125 0.0203125 0.59428
0 0.0515625 0.546094 0.1 0.0203125 0.595062
0 0.679688 0.658594 0.01875 0.0296875 0.637652
0 0.103906 0.441406 0.0296875 0.210938 0.641935
0 0.0359375 0.623438 0.06875 0.0125 0.691185
0 0.16875 0.227344 0.171875 0.185937 0.765007
0 0.584375 0.84375 0.0375 0.096875 0.765781
0 0.748438 0.247656 0.065625 0.0359375 0.768018
0 0.9 0.445312 0.015625 0.146875 0.809899
0 0.330469 0.547656 0.0203125 0.0140625 0.819484
0 0.266406 0.614062 0.0171875 0.034375 0.825654
0 0.0234375 0.417969 0.025 0.135937 0.827918
0 0.844531 0.601562 0.148438 0.025 0.848174
0 0.271875 0.892187 0.16875 0.0375 0.856719
0 0.0640625 0.310937 0.125 0.0625 0.875665
0 0.127344 0.720312 0.0265625 0.040625 0.879932
0 0.244531 0.446875 0.0328125 0.16875 0.885347
0 0.329688 0.753125 0.109375 0.040625 0.896464
0 0.801562 0.109375 0.059375 0.071875 0.900734
0 0.85 0.08125 0.1375 0.159375 0.909487
0 0.059375 0.836719 0.11875 0.101562 0.916809
0 0.36875 0.183594 0.14375 0.173438 0.917329
0 0.949219 0.824219 0.0953125 0.123438 0.920223
0 0.332812 0.434375 0.146875 0.0625 0.924753
0 0.514063 0.278125 0.059375 0.146875 0.943486
0 0.503906 0.591406 0.139062 0.0671875 0.953501
0 0.157813 0.107813 0.121875 0.065625 0.964302
