0 0.961719 0.726562 0.0078125 0.015625 0.108198
0 0.835938 0.0820312 0.04375 0.0171875 0.125156
0 0.429688 0.985937 0.153125 0.028125 0.134461
0 0.371875 0.986719 0.03125 0.0234375 0.161637
0 0.974219 0.41875 0.0484375 0.084375 0.167236
0 0.673437 0.48125 0.009375 0.021875 0.176385
0 0.504687 0.573438 0.015625 0.00625 0.241552
0 0.834375 0.06875 0.121875 0.0625 0.262274
0 0.817187 0.542188 0.015625 0.084375 0.269584
0 0.989844 0.701563 0.0203125 0.025 0.412649
0 0.389062 0.986719 0.06875 0.0265625 0.477484
0 0.857031 0.0742188 0.123438 0.0359375 0.482788
0 0.273438 0.791406 0.01875 0.145313 0.563088
0 0.957031 0.392188 0.0859375 0.046875 0.655238
0 0.974219 0.309375 0.0515625 0.0375 0.700549
0 0.978906 0.446875 0.0421875 0.04375 0.709694
0 0.952344 0.615625 0.0171875 0.065625 0.735307
0 0.149219 0.250781 0.239063 0.142188 0.75567
0 0.342969 0.244531 0.0421875 0.0203125 0.814731
0 0.028125 0.935938 0.04375 0.128125 0.820501
0 0.914062 0.191406 0.04375 0.170312 0.828235
0 0.821094 0.726562 0.101562 0.025 0.828619
0 0.610156 0.0585938 0.132812 0.114063 0.837028
0 0.455469 0.885938 0.0390625 0.1125 0.844349
0 0.807813 0.059375 0.0875 0.109375 0.845468
0 0.407813 0.714063 0.125 0.028125 0.845613
0 0.521875 0.204688 0.021875 0.2 0.862785
0 0.0296875 0.277344 0.046875 0.120312 0.864765
0 0.957031 0.346875 0.0859375 0.0625 0.870466
0 0.867188 0.257812 0.075 0.228125 0.875417
0 0.0554687 0.517969 0.0453125 0.157813 0.877252
0 0.09375 0.529688 0.0375 0.13125 0.879613
0 0.214844 0.103906 0.0328125 0.204688 0.882666
0 0.448438 0.544531 0.021875 0.0734375 0.885257
0 0.141406 0.832031 0.0328125 0.198437 0.885333
0 0.910156 0.879687 0.110937 0.109375 0.895997
0 0.671875 0.925781 0.0375 0.139062 0.896352
0 0.702344 0.328125 0.135937 0.040625 0.898008
0 0.758594 0.296094 0.0546875 0.167187 0.899015
0 0.640625 0.589844 0.128125 0.0484375 0.925709
0 0.313281 0.541406 0.0515625 0.176563 0.937372
