0 0.06875 0.43125 0.05 0.146875 0.100841
0 0.977344 0.510156 0.0453125 0.154687 0.106222
0 0.966406 0.246875 0.0671875 0.065625 0.138108
0 0.0914062 0.478906 0.0765625 0.435937 0.163837
0 0.979688 0.607813 0.040625 0.371875 0.214528
0 0.0445312 0.378125 0.0890625 0.290625 0.277693
0 0.0859375 0.432031 0.034375 0.139062 0.416997
0 0.0648438 0.859375 0.126563 0.03125 0.569573
0 0.0914062 0.405469 0.0515625 0.232812 0.654582
0 0.952344 0.346094 0.0953125 0.0859375 0.725393
0 0.8125 0.0351562 0.059375 0.0703125 0.762671
0 0.686719 0.907031 0.0984375 0.0171875 0.778329
0 0.105469 0.5375 0.151562 0.521875 0.789254
0 0.414062 0.616406 0.065625 0.0296875 0.876981
0 0.43125 0.857031 0.034375 0.148438 0.885852
0 0.682031 0.335938 0.0765625 0.05 0.891046
0 0.640625 0.764844 0.1375 0.0296875 0.908556
0 0.308594 0.534375 0.0578125 0.090625 0.914242
0 0.574219 0.473437 0.0703125 0.1 0.919144
0 0.839063 0.513281 0.059375 0.157813 0.930067
0 0.553125 0.120312 0.153125 0.115625 0.94067
0 0.839844 0.209375 0.123438 0.115625 0.947755
0 0.332812 0.257812 0.196875 0.140625 0.95049
