0 0.407813 0.116406 0.0125 0.0109375 0.14873
0 0.791406 0.0078125 0.0140625 0.015625 0.191366
0 0.917969 0.634375 0.154687 0.20625 0.197825
0 0.173438 0.0898438 0.05 0.142188 0.325816
0 0.573438 0.498437 0.0125 0.009375 0.617368
0 0.0523437 0.889844 0.0296875 0.110937 0.701112
0 0.596094 0.507812 0.0109375 0.0125 0.718606
0 0.360938 0.202344 0.04375 0.0953125 0.726563
0 0.597656 0.4125 0.0078125 0.015625 0.736482
0 0.649219 0.263281 0.104687 0.126563 0.759302
0 0.111719 0.123438 0.0234375 0.065625 0.764358
0 0.215625 0.942969 0.103125 0.114063 0.803424
0 0.889844 0.7375 0.214062 0.053125 0.804422
0 0.517969 0.303906 0.0140625 0.0984375 0.82409
0 0.5125 0.734375 0.034375 0.03125 0.847121
0 0.79375 0.246094 0.109375 0.176563 0.850947
0 0.617969 0.732031 0.232812 0.0421875 0.869186
0 0.724219 0.132031 0.0203125 0.0421875 0.872529
0 0.442187 0.0382813 0.18125 0.0453125 0.891582
0 0.236719 0.391406 0.120312 0.198437 0.893414
0 0.728906 0.547656 0.182812 0.0359375 0.893475
0 0.232812 0.555469 0.075 0.0859375 0.897524
0 0.152344 0.125 0.0984375 0.08125 0.904895
0 0.303125 0.861719 0.078125 0.129688 0.919553
0 0.885156 0.413281 0.195312 0.170312 0.923817
0 0.353906 0.715625 0.110937 0.196875 0.936414
0 0.071875 0.507031 0.090625 0.248437 0.940841
