0 0.0078125 0.485938 0.015625 0.034375 0.139261
0 0.655469 0.292188 0.0078125 0.11875 0.142491
0 0.116406 0.517187 0.0265625 0.009375 0.192283
0 0.0148437 0.0257812 0.0234375 0.0390625 0.230228
0 0.10625 0.392188 0.01875 0.090625 0.358116
0 0.914844 0.754687 0.170312 0.028125 0.465624
0 0.90625 0.453906 0.1125 0.132812 0.669378
0 0.755469 0.0179687 0.129688 0.0359375 0.684366
0 0.224219 0.724219 0.0484375 0.0296875 0.75491
0 0.308594 0.05625 0.135937 0.1125 0.835156
0 0.5 0.711719 0.04375 0.0703125 0.881198
0 0.49375 0.392969 0.21875 0.0296875 0.888674
0 0.902344 0.152344 0.0390625 0.298438 0.894836
0 0.816406 0.6625 0.226562 0.053125 0.903035
0 0.371875 0.25625 0.146875 0.08125 0.916406
0 0.211719 0.642969 0.167187 0.0796875 0.934191
0 0.678906 0.478125 0.135937 0.125 0.937601
0 0.620313 0.690625 0.08125 0.11875 0.955295
