0 0.482812 0.00703125 0.034375 0.0140625 0.109942
0 0.0117188 0.117188 0.0234375 0.071875 0.121959
0 0.797656 0.957812 0.298438 0.08125 0.25238
0 0.442187 0.0554687 0.021875 0.0328125 0.418703
0 0.0671875 0.696094 0.021875 0.214062 0.522495
0 0.701563 0.978906 0.059375 0.0421875 0.559785
0 0.0226563 0.280469 0.0453125 0.170312 0.72084
0 0.210938 0.0554687 0.034375 0.110937 0.766399
0 0.695312 0.135156 0.03125 0.0734375 0.859504
0 0.772656 0.302344 0.0796875 0.0671875 0.89939
0 0.111719 0.479688 0.0546875 0.16875 0.911096
0 0.169531 0.210156 0.223438 0.135937 0.952881
0 0.497656 0.289844 0.157813 0.151562 0.956714
