0 0.01875 0.5375 0.0375 0.11875 0.170877
0 0.285937 0.982031 0.034375 0.0359375 0.326409
0 0.141406 0.2375 0.0828125 0.0625 0.502269
0 0.642969 0.54375 0.167187 0.1875 0.676335
0 0.649219 0.483594 0.157813 0.0734375 0.72082
0 0.396094 0.120312 0.0296875 0.03125 0.796971
0 0.48125 0.235156 0.0875 0.0859375 0.910643
0 0.433594 0.475781 0.220313 0.0421875 0.920111
0 0.8375 0.360156 0.16875 0.0296875 0.930907
0 0.889063 0.09375 0.096875 0.18125 0.930927
0 0.707812 0.191406 0.140625 0.0796875 0.937742
0 0.882812 0.829687 0.125 0.14375 0.943554
0 0.930469 0.502344 0.123438 0.251563 0.95353
