0 0.495313 0.4625 0.0125 0.034375 0.102159
0 0.967188 0.935938 0.040625 0.1125 0.118739
0 0.863281 0.969531 0.0578125 0.0578125 0.121087
0 0.127344 0.789844 0.104687 0.0546875 0.129969
0 0.586719 0.421875 0.0171875 0.015625 0.132298
0 0.0179687 0.757812 0.0359375 0.403125 0.199798
0 0.0132813 0.673437 0.0265625 0.2 0.275466
0 0.239844 0.98125 0.0109375 0.0375 0.295182
0 0.90625 0.917969 0.040625 0.129688 0.365708
0 0.314063 0.934375 0.028125 0.025 0.391274
0 0.939844 0.953125 0.0609375 0.090625 0.478198
0 0.85 0.957031 0.046875 0.0859375 0.554671
0 0.925781 0.921094 0.0421875 0.157813 0.727614
0 0.338281 0.176563 0.129688 0.0375 0.746322
0 0.728125 0.960156 0.0625 0.0328125 0.795909
0 0.514844 0.0820312 0.114063 0.0765625 0.805464
0 0.459375 0.607813 0.10625 0.1 0.814268
0 0.721094 0.277344 0.0828125 0.0671875 0.815172
0 0.953906 0.344531 0.0921875 0.0984375 0.820594
0 0.285937 0.09375 0.075 0.046875 0.822788
0 0.221094 0.348437 0.126563 0.096875 0.827115
0 0.889063 0.914844 0.040625 0.129688 0.840094
0 0.375781 0.476562 0.0421875 0.19375 0.852599
0 0.929688 0.125 0.028125 0.096875 0.864233
0 0.528125 0.914062 0.15 0.171875 0.867638
0 0.700781 0.10625 0.151562 0.13125 0.867749
0 0.0601562 0.175781 0.0609375 0.0953125 0.881736
0 0.626562 0.788281 0.046875 0.151562 0.891948
0 0.578906 0.21875 0.0390625 0.128125 0.892563
0 0.160938 0.515625 0.065625 0.159375 0.9132
0 0.467969 0.326562 0.0765625 0.06875 0.917421
0 0.911719 0.592969 0.0484375 0.214062 0.920878
0 0.704687 0.538281 0.046875 0.192188 0.92139
0 0.347656 0.284375 0.104687 0.159375 0.930873
