0 0.388281 0.059375 0.117188 0.1125 0.149749
0 0.538281 0.903906 0.0234375 0.0671875 0.150327
0 0.574219 0.986719 0.145313 0.0265625 0.1524
0 0.182031 0.530469 0.0109375 0.0640625 0.15426
0 0.151562 0.0773437 0.075 0.0265625 0.159755
0 0.207813 0.567187 0.00625 0.009375 0.16438
0 0.0101562 0.7 0.0203125 0.021875 0.20798
0 0.195312 0.979688 0.0375 0.040625 0.219427
0 0.0242187 0.4125 0.0453125 0.0875 0.26113
0 0.726562 0.792188 0.0125 0.1375 0.2854
0 0.326562 0.48125 0.009375 0.025 0.305631
0 0.494531 0.572656 0.0171875 0.0078125 0.311657
0 0.0117188 0.7125 0.0234375 0.05 0.374297
0 0.615625 0.986719 0.059375 0.0265625 0.390758
0 0.658594 0.242969 0.0421875 0.0203125 0.50808
0 0.0484375 0.394531 0.096875 0.0578125 0.567934
0 0.0210938 0.445312 0.0421875 0.046875 0.639029
0 0.544531 0.886719 0.0328125 0.107813 0.733054
0 0.0242187 0.314844 0.0484375 0.0453125 0.740474
0 0.0484375 0.616406 0.021875 0.0703125 0.798347
0 0.192188 0.0546875 0.10625 0.109375 0.807586
0 0.594531 0.714063 0.120312 0.028125 0.837932
0 0.971094 0.935156 0.0390625 0.129688 0.840517
0 0.084375 0.198437 0.046875 0.153125 0.841908
0 0.478125 0.201562 0.025 0.20625 0.856022
0 0.135937 0.252344 0.08125 0.207813 0.871982
0 0.180469 0.726562 0.101562 0.03125 0.872056
0 0.907812 0.53125 0.0375 0.128125 0.877388
0 0.854688 0.253125 0.265625 0.159375 0.881113
0 0.551562 0.545313 0.021875 0.075 0.884157
0 0.975 0.280469 0.05 0.129688 0.890082
0 0.360938 0.591406 0.125 0.0546875 0.891187
0 0.784375 0.103906 0.034375 0.207813 0.89167
0 0.0421875 0.35625 0.084375 0.06875 0.892757
0 0.241406 0.292188 0.0515625 0.15 0.897798
0 0.942969 0.519531 0.0453125 0.154687 0.899728
0 0.325781 0.925781 0.0390625 0.135937 0.900331
0 0.297656 0.328906 0.139062 0.0390625 0.90133
0 0.0890625 0.88125 0.1125 0.10625 0.902704
0 0.859375 0.827344 0.034375 0.201562 0.906582
0 0.686719 0.542188 0.0484375 0.178125 0.941957
