0 0.752344 0.633594 0.0703125 0.0515625 0.337511
0 0.6625 0.971875 0.065625 0.05625 0.343656
0 0.75 0.0242187 0.05 0.0484375 0.428265
0 0.563281 0.025 0.229687 0.0375 0.431056
0 0.0125 0.767187 0.025 0.121875 0.455001
0 0.751562 0.303125 0.015625 0.1 0.459372
0 0.975781 0.528125 0.0484375 0.275 0.475276
0 0.746094 0.261719 0.0171875 0.192188 0.500475
0 0.496875 0.515625 0.040625 0.09375 0.569147
0 0.0476562 0.911719 0.0203125 0.0171875 0.720129
0 0.533594 0.235938 0.0171875 0.078125 0.802361
0 0.592969 0.451562 0.0984375 0.025 0.814678
0 0.209375 0.509375 0.115625 0.025 0.816921
0 0.434375 0.507031 0.0625 0.148438 0.869676
0 0.240625 0.934375 0.140625 0.028125 0.871866
0 0.471875 0.341406 0.103125 0.0765625 0.873522
0 0.532031 0.132812 0.0296875 0.1 0.875743
0 0.890625 0.464063 0.021875 0.1125 0.885023
0 0.742969 0.905469 0.114063 0.189063 0.888434
0 0.621094 0.714844 0.148438 0.0234375 0.890702
0 0.165625 0.371875 0.14375 0.03125 0.901143
0 0.103125 0.0726563 0.0625 0.0890625 0.907845
0 0.371094 0.113281 0.0484375 0.154687 0.910402
0 0.861719 0.610156 0.114063 0.0578125 0.919883
0 0.123438 0.723437 0.109375 0.065625 0.926613
0 0.857031 0.219531 0.0953125 0.0421875 0.938518
0 0.364062 0.720312 0.11875 0.096875 0.962034
