0 0.7875 0.0953125 0.009375 0.040625 0.103433
0 0.444531 0.598437 0.120312 0.025 0.145927
0 0.6125 0.490625 0.103125 0.053125 0.169443
0 0.571094 0.00546875 0.101562 0.0109375 0.175853
0 0.0101562 0.23125 0.0203125 0.015625 0.178939
0 0.4125 0.190625 0.015625 0.01875 0.194684
0 0.864062 0.878125 0.271875 0.24375 0.305452
0 0.065625 0.0164062 0.13125 0.0296875 0.345482
0 0.55625 0.930469 0.090625 0.107813 0.361377
0 0.782812 0.271875 0.134375 0.053125 0.376789
0 0.983594 0.196875 0.0140625 0.009375 0.401923
0 0.980469 0.45 0.0390625 0.05625 0.496557
0 0.853906 0.355469 0.0390625 0.0171875 0.598908
0 0.792969 0.294531 0.117188 0.0484375 0.600878
0 0.657812 0.503125 0.209375 0.01875 0.668853
0 0.935156 0.735156 0.126563 0.0328125 0.727005
0 0.775 0.25625 0.1375 0.034375 0.764497
0 0.884375 0.01875 0.13125 0.0375 0.766096
0 0.734375 0.939844 0.125 0.0203125 0.797221
0 0.879687 0.296094 0.240625 0.0828125 0.797803
0 0.533594 0.940625 0.0671875 0.08125 0.805781
0 0.800781 0.819531 0.0609375 0.0609375 0.808509
0 0.940625 0.595312 0.11875 0.04375 0.811666
0 0.827344 0.211719 0.0640625 0.0171875 0.816481
0 0.5875 0.511719 0.13125 0.0953125 0.833058
0 0.210156 0.405469 0.0265625 0.157813 0.83434
0 0.5875 0.91875 0.053125 0.121875 0.848689
0 0.457812 0.660156 0.14375 0.0234375 0.853494
0 0.109375 0.142188 0.025 0.059375 0.854384
0 0.258594 0.552344 0.192188 0.0984375 0.90235
0 0.453125 0.310156 0.184375 0.0234375 0.903489
0 0.717969 0.753125 0.207813 0.0875 0.918275
0 0.366406 0.107813 0.164062 0.04375 0.922894
0 0.663281 0.682813 0.114063 0.084375 0.930567
0 0.732031 0.414844 0.0578125 0.129688 0.932906
0 0.663281 0.360938 0.120312 0.203125 0.940808
0 0.413281 0.839844 0.207813 0.114063 0.947156
