0 0.149219 0.00703125 0.101562 0.0140625 0.129015
0 0.167187 0.160156 0.028125 0.0328125 0.153532
0 0.0578125 0.336719 0.1125 0.117188 0.156059
0 0.0867188 0.270312 0.0640625 0.046875 0.179796
0 0.110156 0.292188 0.164062 0.134375 0.196887
0 0.178906 0.153906 0.0546875 0.0328125 0.235742
0 0.0414063 0.0179687 0.0828125 0.0359375 0.296433
0 0.925 0.225 0.04375 0.109375 0.326755
0 0.878125 0.192969 0.0375 0.0609375 0.348381
0 0.222656 0.654688 0.0171875 0.01875 0.354317
0 0.0921875 0.273438 0.04375 0.0125 0.361827
0 0.5875 0.55 0.115625 0.0875 0.363336
0 0.63125 0.989062 0.0875 0.021875 0.416897
0 0.978906 0.573438 0.0421875 0.0125 0.50388
0 0.084375 0.274219 0.059375 0.0203125 0.538534
0 0.25625 0.777344 0.0875 0.0296875 0.563216
0 0.367188 0.78125 0.009375 0.0125 0.573897
0 0.348437 0.414062 0.0375 0.146875 0.614377
0 0.575 0.71875 0.040625 0.090625 0.658156
0 0.0492188 0.724219 0.0515625 0.295312 0.703021
0 0.463281 0.945312 0.0890625 0.109375 0.728135
0 0.93125 0.216406 0.0125 0.0515625 0.740924
0 0.0914062 0.0421875 0.182812 0.053125 0.762646
0 0.58125 0.824219 0.059375 0.301562 0.782782
0 0.911719 0.238281 0.104687 0.157813 0.785684
0 0.0648438 0.353906 0.0984375 0.0390625 0.795538
0 0.940625 0.31875 0.025 0.025 0.811353
0 0.219531 0.10625 0.0296875 0.084375 0.83419
0 0.9125 0.682813 0.028125 0.140625 0.836184
0 0.853906 0.942187 0.139062 0.1125 0.850112
0 0.174219 0.5875 0.0734375 0.05 0.862538
0 0.64375 0.1 0.10625 0.0625 0.898854
0 0.084375 0.317969 0.071875 0.114063 0.901636
0 0.736719 0.327344 0.123438 0.129688 0.904531
0 0.802344 0.660156 0.0953125 0.314063 0.911468
0 0.358594 0.175 0.201562 0.1125 0.917358
0 0.29375 0.405469 0.140625 0.179688 0.926283
0 0.621875 0.392188 0.1625 0.184375 0.935999
