0 0.222656 0.0585938 0.120312 0.117188 0.107636
0 0.791406 0.992969 0.0109375 0.0140625 0.163405
0 0.05 0.117969 0.03125 0.117188 0.457105
0 0.166406 0.924219 0.0484375 0.107813 0.601756
0 0.573438 0.501562 0.0125 0.009375 0.648878
0 0.407031 0.882812 0.0109375 0.009375 0.70821
0 0.596094 0.492969 0.0109375 0.0109375 0.732233
0 0.597656 0.5875 0.0078125 0.015625 0.753357
0 0.657812 0.734375 0.1125 0.13125 0.761395
0 0.110156 0.875781 0.0234375 0.0796875 0.798947
0 0.519531 0.696094 0.0140625 0.0953125 0.806546
0 0.513281 0.267188 0.0328125 0.03125 0.861731
0 0.236719 0.605469 0.126563 0.201562 0.862398
0 0.363281 0.79375 0.0421875 0.090625 0.869537
0 0.617969 0.267969 0.232812 0.0421875 0.881799
0 0.724219 0.867969 0.0171875 0.0421875 0.885521
0 0.728906 0.452344 0.185937 0.0390625 0.895499
0 0.442187 0.958594 0.184375 0.0421875 0.910961
0 0.235156 0.447656 0.0796875 0.0953125 0.911933
0 0.883594 0.2625 0.201562 0.0625 0.915672
0 0.8 0.757812 0.1125 0.178125 0.923993
0 0.358594 0.275781 0.114063 0.210938 0.929545
0 0.30625 0.135156 0.078125 0.129688 0.936195
0 0.0726563 0.492969 0.0890625 0.248437 0.938644
0 0.884375 0.586719 0.19375 0.173438 0.941997
0 0.149219 0.876562 0.0953125 0.08125 0.958412
