0 0.570312 0.00625 0.084375 0.0125 0.108084
0 0.0390625 0.26875 0.0125 0.0125 0.126468
0 0.992969 0.797656 0.0140625 0.0296875 0.145149
0 0.188281 0.874219 0.0796875 0.114063 0.145596
0 0.449219 0.758594 0.0296875 0.0421875 0.151623
0 0.424219 0.0265625 0.0359375 0.05 0.160349
0 0.529688 0.960938 0.396875 0.059375 0.173844
0 0.429688 0.804688 0.028125 0.121875 0.186662
0 0.159375 0.760156 0.01875 0.217187 0.203159
0 0.585938 0.936719 0.0375 0.0921875 0.230519
0 0.309375 0.76875 0.165625 0.021875 0.264688
0 0.00703125 0.813281 0.0140625 0.0109375 0.350462
0 0.144531 0.632812 0.0265625 0.040625 0.367851
0 0.552344 0.00703125 0.0421875 0.0109375 0.478035
0 0.429688 0.0453125 0.03125 0.090625 0.558215
0 0.974219 0.577344 0.0515625 0.0734375 0.634162
0 0.04375 0.288281 0.021875 0.0140625 0.658167
0 0.501562 0.800781 0.015625 0.0671875 0.663508
0 0.446875 0.79375 0.01875 0.1125 0.694094
0 0.502344 0.178906 0.0234375 0.0109375 0.742193
0 0.878906 0.932031 0.0890625 0.0546875 0.769337
0 0.336719 0.153125 0.0515625 0.01875 0.775279
0 0.445312 0.911719 0.125 0.157813 0.779585
0 0.417969 0.814844 0.0203125 0.123438 0.780817
0 0.747656 0.55625 0.0296875 0.159375 0.807076
0 0.663281 0.6625 0.0296875 0.034375 0.817273
0 0.325781 0.625781 0.157813 0.0234375 0.829815
0 0.591406 0.709375 0.0421875 0.046875 0.830493
0 0.482812 0.590625 0.034375 0.021875 0.83994
0 0.6875 0.0640625 0.084375 0.125 0.845555
0 0.444531 0.364062 0.0734375 0.128125 0.869467
0 0.153125 0.896875 0.06875 0.046875 0.88224
0 0.617969 0.376563 0.0328125 0.065625 0.889924
0 0.841406 0.0734375 0.0828125 0.0375 0.890114
0 0.0742188 0.910156 0.0265625 0.120312 0.893247
0 0.334375 0.754687 0.203125 0.046875 0.895788
0 0.0273438 0.736719 0.0546875 0.104687 0.898024
0 0.214062 0.846094 0.071875 0.204688 0.903063
0 0.18125 0.724219 0.290625 0.160938 0.905373
0 0.313281 0.835156 0.132812 0.0328125 0.906543
0 0.303125 0.542969 0.078125 0.148438 0.908953
0 0.608594 0.517969 0.0421875 0.107813 0.911825
0 0.875 0.436719 0.065625 0.139062 0.913997
0 0.0789063 0.532031 0.157813 0.129688 0.944709
0 0.704687 0.830469 0.10625 0.251563 0.94518
0 0.679688 0.259375 0.1 0.065625 0.949921
0 0.148438 0.386719 0.125 0.0734375 0.955941
