0 0.289062 0.0898438 0.071875 0.0859375 0.105549
0 0.403906 0.633594 0.139062 0.0328125 0.10943
0 0.475781 0.03125 0.0296875 0.05 0.119555
0 0.939062 0.0796875 0.021875 0.04375 0.125071
0 0.26875 0.111719 0.13125 0.123438 0.139588
0 0.425781 0.0203125 0.0203125 0.040625 0.149155
0 0.989844 0.14375 0.0171875 0.0375 0.152914
0 0.4625 0.0203125 0.015625 0.040625 0.179657
0 0.874219 0.283594 0.0140625 0.0515625 0.194951
0 0.466406 0.0304688 0.0140625 0.0515625 0.25294
0 0.499219 0.0601562 0.0578125 0.0140625 0.270922
0 0.459375 0.626562 0.234375 0.040625 0.325998
0 0.746094 0.00859375 0.0359375 0.0171875 0.337817
0 0.432813 0.938281 0.015625 0.0953125 0.39014
0 0.496875 0.03125 0.05 0.059375 0.560926
0 0.628125 0.0570313 0.278125 0.0203125 0.614546
0 0.167969 0.978125 0.0234375 0.04375 0.630998
0 0.266406 0.832812 0.0421875 0.01875 0.743995
0 0.939062 0.0195312 0.025 0.0328125 0.744701
0 0.725781 0.825781 0.0296875 0.0140625 0.746277
0 0.421875 0.703906 0.153125 0.0265625 0.761841
0 0.659375 0.260938 0.05625 0.021875 0.777633
0 0.0257812 0.9125 0.0515625 0.075 0.800749
0 0.539844 0.801562 0.0765625 0.084375 0.892834
0 0.208594 0.354688 0.204688 0.090625 0.894469
0 0.774219 0.59375 0.126563 0.021875 0.898886
0 0.179688 0.114063 0.125 0.05625 0.905483
0 0.747656 0.153906 0.107813 0.201562 0.940086
