0 0.360938 0.955469 0.009375 0.0078125 0.108676
0 0.488281 0.451562 0.0328125 0.05 0.115582
0 0.736719 0.214844 0.129688 0.123438 0.116561
0 0.576563 0.0671875 0.015625 0.13125 0.17421
0 0.719531 0.239063 0.117188 0.053125 0.238545
0 0.935938 0.235156 0.1 0.0984375 0.249465
0 0.971094 0.135156 0.0578125 0.104687 0.626705
0 0.861719 0.636719 0.0140625 0.0359375 0.724812
0 0.827344 0.573438 0.0109375 0.040625 0.74007
0 0.714844 0.245312 0.123438 0.01875 0.748759
0 0.733594 0.477344 0.120312 0.0203125 0.841859
0 0.714063 0.935938 0.365625 0.128125 0.860194
0 0.8625 0.582031 0.01875 0.0546875 0.862308
0 0.897656 0.502344 0.0328125 0.104687 0.883252
0 0.669531 0.635156 0.123438 0.0484375 0.889654
0 0.349219 0.244531 0.0390625 0.248437 0.90253
0 0.28125 0.404687 0.0375 0.140625 0.913976
0 0.529688 0.204688 0.096875 0.115625 0.916775
0 0.346094 0.567187 0.0484375 0.134375 0.921502
0 0.810938 0.7875 0.15625 0.165625 0.967267
