0 0.199219 0.00625 0.0359375 0.0125 0.119268
0 0.994531 0.58125 0.0109375 0.115625 0.123094
0 0.328125 0.665625 0.028125 0.028125 0.124904
0 0.325781 0.242188 0.0203125 0.040625 0.130557
0 0.2375 0.501562 0.190625 0.01875 0.143018
0 0.325 0.25625 0.028125 0.0375 0.153968
0 0.6125 0.891406 0.01875 0.0171875 0.16681
0 0.339063 0.969531 0.265625 0.0578125 0.174228
0 0.20625 0.992188 0.025 0.015625 0.198128
0 0.974219 0.426562 0.0515625 0.034375 0.250723
0 0.964844 0.009375 0.0609375 0.01875 0.293078
0 0.188281 0.00703125 0.0171875 0.0140625 0.350732
0 0.220313 0.447656 0.09375 0.0296875 0.353611
0 0.4125 0.975 0.1 0.05 0.47661
0 0.234375 0.451562 0.025 0.03125 0.48858
0 0.81875 0.960938 0.025 0.065625 0.489552
0 0.590625 0.641406 0.009375 0.0203125 0.507252
0 0.623438 0.616406 0.08125 0.0265625 0.523521
0 0.134375 0.557031 0.0875 0.135937 0.556854
0 0.821875 0.502344 0.009375 0.0203125 0.623067
0 0.710156 0.0445312 0.0171875 0.0265625 0.651093
0 0.0679687 0.885156 0.0453125 0.0984375 0.685025
0 0.186719 0.417969 0.129688 0.0203125 0.709447
0 0.163281 0.214844 0.192188 0.0828125 0.714521
0 0.846094 0.335156 0.0203125 0.0546875 0.717789
0 0.28125 0.028125 0.140625 0.05625 0.729881
0 0.338281 0.663281 0.0296875 0.0265625 0.741343
0 0.242188 0.332812 0.034375 0.2 0.786173
0 0.935156 0.683594 0.129688 0.0953125 0.799102
0 0.374219 0.332031 0.0234375 0.160938 0.83421
0 0.0914062 0.0734375 0.117188 0.025 0.835099
0 0.410937 0.483594 0.021875 0.0359375 0.837752
0 0.291406 0.590625 0.0328125 0.040625 0.857081
0 0.928125 0.842969 0.0375 0.0796875 0.865548
0 0.442969 0.744531 0.170312 0.0265625 0.866511
0 0.0882813 0.451562 0.160938 0.128125 0.868413
0 0.560156 0.872656 0.148438 0.0640625 0.877272
0 0.165625 0.310156 0.028125 0.126563 0.879922
0 0.275781 0.175781 0.151562 0.273438 0.880769
0 0.464063 0.303906 0.15625 0.0859375 0.88186
0 0.635938 0.446094 0.13125 0.0796875 0.881948
0 0.486719 0.608594 0.107813 0.0421875 0.885508
0 0.175 0.704687 0.246875 0.1125 0.902661
0 0.740625 0.679688 0.059375 0.096875 0.902863
0 0.472656 0.0789063 0.139062 0.157813 0.924682
0 0.614844 0.149219 0.0734375 0.126563 0.947618
