0 0.0117188 0.535937 0.0234375 0.225 0.110342
0 0.435937 0.107031 0.015625 0.0109375 0.143547
0 0.517969 0.195312 0.176563 0.034375 0.199863
0 0.839844 0.278906 0.0609375 0.0109375 0.237076
0 0.0375 0.652344 0.075 0.0140625 0.336256
0 0.0242187 0.173438 0.0484375 0.1 0.381726
0 0.0132813 0.472656 0.0265625 0.0984375 0.445876
0 0.607031 0.972656 0.195312 0.0546875 0.515898
0 0.43125 0.134375 0.0875 0.0125 0.541513
0 0.06875 0.84375 0.13125 0.0125 0.556867
0 0.164844 0.934375 0.0296875 0.13125 0.644118
0 0.353906 0.984375 0.210938 0.03125 0.649462
0 0.110937 0.945312 0.065625 0.10625 0.665141
0 0.776563 0.823438 0.140625 0.028125 0.739576
0 0.228906 0.236719 0.0328125 0.0140625 0.792659
0 0.695312 0.0265625 0.1875 0.053125 0.81754
0 0.163281 0.05625 0.0765625 0.08125 0.889136
0 0.340625 0.205469 0.0375 0.260938 0.891524
0 0.203125 0.553906 0.05625 0.0453125 0.89688
0 0.725781 0.669531 0.0703125 0.132812 0.912302
0 0.496094 0.234375 0.226562 0.115625 0.929215
0 0.771875 0.346875 0.18125 0.246875 0.929481
0 0.507812 0.717969 0.184375 0.235938 0.937005
0 0.477344 0.483594 0.135937 0.170312 0.940596
0 0.610937 0.15 0.215625 0.15625 0.942692
