0 0.978125 0.155469 0.025 0.0265625 0.100365
0 0.464844 0.221094 0.479688 0.0421875 0.127093
0 0.539844 0.389844 0.0296875 0.123438 0.133333
0 0.926562 0.186719 0.140625 0.0109375 0.135914
0 0.957812 0.021875 0.084375 0.04375 0.136728
0 0.874219 0.229687 0.0578125 0.14375 0.143026
0 0.828906 0.13125 0.0578125 0.028125 0.145433
0 0.140625 0.15625 0.190625 0.1875 0.156318
0 0.249219 0.525781 0.0390625 0.0515625 0.18418
0 0.01875 0.317187 0.015625 0.01875 0.215481
0 0.989844 0.108594 0.0203125 0.0203125 0.221831
0 0.0132813 0.354688 0.0265625 0.0375 0.256978
0 0.0460938 0.264062 0.0203125 0.01875 0.281728
0 0.0125 0.378125 0.025 0.08125 0.295542
0 0.0210938 0.3375 0.0359375 0.05 0.296995
0 0.185156 0.4875 0.114063 0.11875 0.381821
0 0.527344 0.375 0.0671875 0.15 0.421333
0 0.428906 0.7125 0.0703125 0.05625 0.449471
0 0.432813 0.425 0.221875 0.065625 0.46867
0 0.970312 0.157813 0.021875 0.021875 0.4957
0 0.0789063 0.371875 0.0265625 0.0125 0.601735
0 0.725 0.823438 0.009375 0.0625 0.608074
0 0.0304688 0.326562 0.0421875 0.034375 0.634861
0 0.346875 0.648438 0.025 0.040625 0.653576
0 0.272656 0.464844 0.304688 0.151562 0.657557
0 0.596094 0.378906 0.0171875 0.0671875 0.687852
0 0.967969 0.2375 0.0640625 0.03125 0.73018
0 0.4 0.349219 0.13125 0.0328125 0.780855
0 0.399219 0.652344 0.0703125 0.139062 0.804634
0 0.764063 0.523438 0.03125 0.03125 0.822083
0 0.420312 0.565625 0.159375 0.028125 0.832122
0 0.579687 0.600781 0.040625 0.0265625 0.833001
0 0.853125 0.635938 0.040625 0.175 0.852874
0 0.689062 0.475 0.046875 0.034375 0.861064
0 0.114844 0.182031 0.126563 0.120312 0.893859
0 0.792188 0.947656 0.09375 0.0453125 0.896309
0 0.713281 0.680469 0.0421875 0.107813 0.899562
0 0.572656 0.215625 0.192188 0.2625 0.903491
0 0.150781 0.264062 0.0359375 0.1375 0.91787
0 0.804688 0.339063 0.10625 0.2625 0.924026
0 0.303906 0.307031 0.0765625 0.267188 0.935623
0 0.102344 0.454688 0.0609375 0.115625 0.946847
0 0.547656 0.839063 0.0734375 0.14375 0.94851
0 0.707031 0.203125 0.0765625 0.084375 0.953749
0 0.158594 0.666406 0.173438 0.139062 0.963513
0 0.242188 0.819531 0.128125 0.0765625 0.971227
