0 0.0304688 0.724219 0.0453125 0.0578125 0.107477
0 0.510938 0.0820312 0.009375 0.0203125 0.111668
0 0.786719 0.946094 0.0453125 0.0421875 0.153214
0 0.477344 0.182812 0.0078125 0.009375 0.170103
0 0.0171875 0.654688 0.03125 0.053125 0.211808
0 0.545313 0.983594 0.065625 0.0328125 0.248171
0 0.91875 0.0117188 0.065625 0.0234375 0.513163
0 0.546875 0.101562 0.0875 0.009375 0.540279
0 0.5125 0.953125 0.096875 0.09375 0.611854
0 0.613281 0.321875 0.110937 0.071875 0.650637
0 0.276563 0.107813 0.01875 0.1875 0.692713
0 0.641406 0.339063 0.164062 0.109375 0.772419
0 0.364844 0.0453125 0.0203125 0.078125 0.815236
0 0.844531 0.886719 0.0671875 0.0515625 0.827182
0 0.775781 0.571875 0.0796875 0.028125 0.900135
0 0.682031 0.0976562 0.123438 0.0921875 0.904123
0 0.365625 0.517187 0.034375 0.071875 0.918762
0 0.382812 0.828906 0.075 0.0453125 0.933794
0 0.439063 0.140625 0.08125 0.10625 0.936161
0 0.889063 0.307031 0.078125 0.0984375 0.937027
0 0.546094 0.607813 0.110937 0.25625 0.960704
