0 0.319531 0.390625 0.0109375 0.009375 0.136988
0 0.470313 0.624219 0.028125 0.0140625 0.1716
0 0.230469 0.827344 0.120312 0.0859375 0.464236
0 0.703906 0.461719 0.120312 0.0171875 0.491221
0 0.886719 0.942969 0.0265625 0.114063 0.600649
0 0.966406 0.460938 0.0671875 0.01875 0.628944
0 0.9375 0.757031 0.025 0.0390625 0.803596
0 0.664844 0.150781 0.0953125 0.0734375 0.852831
0 0.675781 0.784375 0.160938 0.03125 0.856976
0 0.303906 0.346875 0.0359375 0.01875 0.862091
0 0.839844 0.309375 0.173438 0.134375 0.869036
0 0.0890625 0.560156 0.08125 0.0421875 0.870674
0 0.548437 0.442969 0.1625 0.114063 0.882056
0 0.613281 0.125781 0.217187 0.114063 0.900061
0 0.0929687 0.325781 0.0453125 0.129688 0.919484
0 0.603906 0.724219 0.126563 0.0796875 0.939067
0 0.329688 0.550781 0.153125 0.120312 0.941236
0 0.210156 0.135937 0.214062 0.103125 0.954099
