0 0.0304688 0.4 0.0609375 0.034375 0.10401
0 0.216406 0.0859375 0.0234375 0.134375 0.118903
0 0.765625 0.186719 0.05 0.107813 0.132939
0 0.142188 0.599219 0.015625 0.0984375 0.163971
0 0.0203125 0.120312 0.040625 0.071875 0.170527
0 0.592188 0.160938 0.015625 0.075 0.178026
0 0.246875 0.592188 0.115625 0.05 0.247249
0 0.852344 0.528906 0.0203125 0.0515625 0.251751
0 0.177344 0.642969 0.0859375 0.0171875 0.273858
0 0.317187 0.0585938 0.025 0.104687 0.317011
0 0.810938 0.028125 0.040625 0.05625 0.36994
0 0.975781 0.903906 0.0484375 0.0203125 0.389743
0 0.321094 0.100781 0.0203125 0.110937 0.43384
0 0.152344 0.728125 0.0671875 0.028125 0.502433
0 0.81875 0.152344 0.053125 0.0421875 0.513842
0 0.235156 0.603906 0.114063 0.0234375 0.705001
0 0.590625 0.103125 0.015625 0.184375 0.709826
0 0.775781 0.215625 0.0296875 0.04375 0.710439
0 0.279687 0.758594 0.03125 0.135937 0.758038
0 0.135156 0.949219 0.0765625 0.101562 0.771548
0 0.78125 0.900781 0.028125 0.167187 0.794371
0 0.66875 0.408594 0.01875 0.0890625 0.805496
0 0.363281 0.780469 0.0296875 0.139062 0.820212
0 0.347656 0.359375 0.0484375 0.04375 0.823978
0 0.189063 0.746875 0.134375 0.065625 0.836342
0 0.955469 0.0351562 0.0890625 0.0671875 0.843552
0 0.590625 0.795313 0.075 0.05625 0.856063
0 0.0984375 0.405469 0.196875 0.126563 0.8832
0 0.394531 0.340625 0.0453125 0.078125 0.894329
0 0.745313 0.170312 0.0875 0.14375 0.90203
0 0.880469 0.4625 0.0765625 0.184375 0.912924
0 0.264062 0.572656 0.090625 0.0984375 0.936845
0 0.472656 0.627344 0.0890625 0.0828125 0.957077
