0 0.0132813 0.65625 0.0265625 0.0625 0.11611
0 0.49375 0.327344 0.028125 0.145313 0.128146
0 0.479688 0.310156 0.04375 0.139062 0.159
0 0.0335938 0.31875 0.0203125 0.0125 0.160035
0 0.375781 0.358594 0.167187 0.132812 0.160074
0 0.00625 0.5 0.0125 0.028125 0.177075
0 0.465625 0.303906 0.025 0.129688 0.182714
0 0.417188 0.992188 0.090625 0.015625 0.201171
0 0.935938 0.692187 0.078125 0.165625 0.217764
0 0.989062 0.0648438 0.021875 0.0921875 0.287332
0 0.0078125 0.278906 0.015625 0.0234375 0.342528
0 0.777344 0.947656 0.0078125 0.0078125 0.400172
0 0.551562 0.317187 0.015625 0.0625 0.633833
0 0.386719 0.366406 0.207813 0.0609375 0.674012
0 0.678125 0.757031 0.009375 0.0703125 0.677499
0 0.195312 0.408594 0.228125 0.154687 0.706154
0 0.304688 0.586719 0.03125 0.0546875 0.812099
0 0.535937 0.539062 0.0375 0.028125 0.814945
0 0.378125 0.503906 0.159375 0.0265625 0.819151
0 0.80625 0.570312 0.0375 0.171875 0.846603
0 0.385156 0.651563 0.0765625 0.053125 0.852587
0 0.936719 0.177344 0.0984375 0.0328125 0.853133
0 0.357031 0.292188 0.132812 0.0375 0.85335
0 0.717188 0.460156 0.03125 0.0296875 0.884084
0 0.642969 0.414062 0.0453125 0.034375 0.887399
0 0.0671875 0.133594 0.1125 0.104687 0.889349
0 0.667188 0.614062 0.040625 0.10625 0.896081
0 0.109375 0.210156 0.034375 0.135937 0.91254
0 0.517187 0.175 0.175 0.225 0.92086
0 0.0617188 0.396875 0.0609375 0.1125 0.925179
0 0.259375 0.248437 0.08125 0.271875 0.928031
0 0.354688 0.5875 0.071875 0.14375 0.931664
0 0.760938 0.279687 0.10625 0.275 0.93462
0 0.502344 0.772656 0.0703125 0.139062 0.940567
0 0.746094 0.882031 0.0953125 0.0609375 0.941873
0 0.660156 0.145313 0.0734375 0.0875 0.944665
0 0.199219 0.755469 0.135937 0.0796875 0.955151
0 0.117188 0.605469 0.178125 0.139062 0.957872
