0 0.310156 0.476562 0.0546875 0.034375 0.105252
0 0.727344 0.727344 0.0109375 0.0140625 0.119012
0 0.710938 0.652344 0.075 0.0171875 0.14547
0 0.746875 0.0046875 0.03125 0.009375 0.149521
0 0.284375 0.0132813 0.034375 0.0265625 0.19797
0 0.259375 0.45 0.11875 0.01875 0.223422
0 0.150781 0.078125 0.148438 0.075 0.2267
0 0.269531 0.471875 0.126563 0.01875 0.250059
0 0.275 0.0148437 0.015625 0.0296875 0.269119
0 0.0859375 0.884375 0.0125 0.21875 0.280353
0 0.809375 0.06875 0.015625 0.01875 0.308289
0 0.648438 0.911719 0.159375 0.0703125 0.42558
0 0.294531 0.472656 0.114063 0.0296875 0.545166
0 0.264062 0.442187 0.125 0.021875 0.568118
0 0.946875 0.371094 0.01875 0.0421875 0.61176
0 0.114844 0.0578125 0.160938 0.115625 0.613449
0 0.317969 0.349219 0.0328125 0.195312 0.666587
0 0.367969 0.177344 0.151562 0.229687 0.685102
0 0.276563 0.528125 0.065625 0.0125 0.689386
0 0.413281 0.69375 0.0296875 0.028125 0.770364
0 0.367188 0.617188 0.0375 0.046875 0.770799
0 0.524219 0.779688 0.170312 0.034375 0.810635
0 0.246094 0.334375 0.0296875 0.134375 0.817862
0 0.490625 0.511719 0.028125 0.0390625 0.826701
0 0.166406 0.0898438 0.123438 0.0328125 0.842262
0 0.457812 0.354688 0.028125 0.165625 0.859015
0 0.133594 0.9125 0.0296875 0.096875 0.866968
0 0.832812 0.71875 0.053125 0.096875 0.874061
0 0.204688 0.236719 0.26875 0.0765625 0.90349
0 0.567969 0.642969 0.107813 0.0453125 0.906465
0 0.1 0.641406 0.08125 0.0765625 0.908989
0 0.725781 0.478906 0.139062 0.0765625 0.915329
0 0.544531 0.333594 0.142188 0.0796875 0.917331
0 0.140625 0.490625 0.20625 0.159375 0.920913
0 0.228125 0.742188 0.284375 0.10625 0.936261
0 0.708594 0.175 0.0734375 0.13125 0.93736
0 0.352344 0.0414063 0.107813 0.0609375 0.937568
0 0.561719 0.0921875 0.139062 0.178125 0.966811
