0 0.919531 0.0296875 0.148438 0.04375 0.10168
0 0.777344 0.655469 0.0203125 0.0234375 0.167746
0 0.0695312 0.225781 0.0203125 0.0796875 0.171217
0 0.355469 0.985156 0.126563 0.0296875 0.227469
0 0.960156 0.765625 0.0578125 0.375 0.232477
0 0.94375 0.332812 0.109375 0.09375 0.256034
0 0.630469 0.780469 0.0109375 0.0140625 0.337806
0 0.95625 0.015625 0.08125 0.03125 0.477239
0 0.0695312 0.217187 0.0109375 0.05 0.481466
0 0.429688 0.535156 0.15625 0.107813 0.500099
0 0.0773437 0.242969 0.0921875 0.154687 0.55532
0 0.861719 0.330469 0.126563 0.135937 0.565238
0 0.947656 0.714844 0.0359375 0.282813 0.579273
0 0.820312 0.153125 0.05 0.028125 0.59956
0 0.0195312 0.577344 0.0390625 0.0203125 0.601021
0 0.934375 0.350781 0.096875 0.0390625 0.664208
0 0.7375 0.778906 0.084375 0.0265625 0.693391
0 0.653125 0.413281 0.040625 0.151562 0.749122
0 0.526563 0.955469 0.096875 0.0890625 0.756104
0 0.120312 0.192188 0.040625 0.0625 0.79036
0 0.059375 0.31875 0.025 0.025 0.792254
0 0.829687 0.585156 0.075 0.0515625 0.820849
0 0.90625 0.0476562 0.1875 0.0484375 0.824512
0 0.782812 0.103906 0.03125 0.0828125 0.836703
0 0.0882813 0.688281 0.0296875 0.145313 0.842406
0 0.414844 0.828125 0.0640625 0.303125 0.849147
0 0.134375 0.941406 0.165625 0.114063 0.870046
0 0.917188 0.317187 0.071875 0.1125 0.877583
0 0.354688 0.0992187 0.10625 0.0578125 0.883464
0 0.708594 0.402344 0.142188 0.176563 0.892446
0 0.196094 0.661719 0.101562 0.317187 0.90737
0 0.260156 0.330469 0.132812 0.135937 0.908494
0 0.638281 0.176563 0.201562 0.1125 0.922178
0 0.377344 0.392188 0.170312 0.1875 0.927399
