0 0.792969 0.989062 0.0453125 0.021875 0.110866
0 0.517969 0.552344 0.0265625 0.0546875 0.119308
0 0.755469 0.989844 0.0640625 0.0203125 0.138591
0 0.78125 0.989844 0.028125 0.0203125 0.176272
0 0.167969 0.271875 0.0203125 0.0125 0.293476
0 0.191406 0.284375 0.0234375 0.078125 0.446499
0 0.246875 0.275781 0.015625 0.0171875 0.548875
0 0.560938 0.410937 0.075 0.009375 0.704603
0 0.315625 0.967188 0.25625 0.04375 0.726293
0 0.54375 0.442969 0.04375 0.0359375 0.738097
0 0.0554687 0.439844 0.104687 0.0140625 0.770458
0 0.453906 0.282813 0.0828125 0.103125 0.803894
0 0.839844 0.565625 0.142188 0.084375 0.816186
0 0.0289063 0.642187 0.0578125 0.153125 0.833775
0 0.979688 0.677344 0.040625 0.0546875 0.845538
0 0.410937 0.478906 0.125 0.0890625 0.883529
0 0.814844 0.6125 0.0609375 0.040625 0.88461
0 0.839063 0.50625 0.321875 0.1625 0.911483
0 0.378125 0.238281 0.1125 0.239063 0.927232
0 0.261719 0.0726563 0.126563 0.142188 0.928604
0 0.104687 0.0875 0.178125 0.175 0.939564
0 0.840625 0.7375 0.265625 0.31875 0.9539
