0 0.0523437 0.959375 0.101562 0.078125 0.116836
0 0.5875 0.021875 0.1875 0.04375 0.118388
0 0.0570313 0.982031 0.114063 0.0359375 0.152798
0 0.9875 0.382812 0.025 0.040625 0.229037
0 0.0195312 0.939062 0.0390625 0.121875 0.249296
0 0.236719 0.0210938 0.0703125 0.0390625 0.397954
0 0.244531 0.0132813 0.0453125 0.0265625 0.449859
0 0.153906 0.0398437 0.307813 0.0796875 0.511241
0 0.05 0.626562 0.0125 0.1375 0.581755
0 0.275 0.0851562 0.234375 0.170312 0.629937
0 0.233594 0.0414063 0.126563 0.0703125 0.641488
0 0.0492188 0.925781 0.0984375 0.0765625 0.644238
0 0.105469 0.289062 0.110937 0.01875 0.83645
0 0.161719 0.58125 0.0140625 0.1875 0.857168
0 0.292188 0.280469 0.025 0.0828125 0.870733
0 0.494531 0.660937 0.0390625 0.090625 0.919952
0 0.298438 0.464063 0.071875 0.08125 0.930287
0 0.394531 0.503906 0.0734375 0.0953125 0.941453
0 0.751562 0.81875 0.103125 0.1375 0.941834
0 0.582812 0.885156 0.084375 0.173438 0.95175
0 0.345313 0.861719 0.115625 0.0828125 0.953942
0 0.661719 0.492188 0.0765625 0.203125 0.95527
0 0.567969 0.192188 0.110937 0.25625 0.955481
