0 0.322957 0.707212 0.00600962 0.0490385 0.729653
0 0.564062 0.512179 0.154087 0.0871795 0.813453
0 0.573798 0.651442 0.0182692 0.0554487 0.915429
0 0.428365 0.464103 0.0182692 0.05 0.931786
0 0.322957 0.707212 0.00600962 0.0490385 0.729653
0 0.564062 0.512179 0.154087 0.0871795 0.813453
0 0.573798 0.651442 0.0182692 0.0554487 0.915429
0 0.428365 0.464103 0.0182692 0.05 0.931786
0 0.322957 0.707212 0.00600962 0.0490385 0.729653
0 0.564062 0.512179 0.154087 0.0871795 0.813453
0 0.573798 0.651442 0.0182692 0.0554487 0.915429
0 0.428365 0.464103 0.0182692 0.05 0.931786
0 0.322957 0.707212 0.00600962 0.0490385 0.729653
0 0.564062 0.512179 0.154087 0.0871795 0.813453
0 0.573798 0.651442 0.0182692 0.0554487 0.915429
0 0.428365 0.464103 0.0182692 0.05 0.931786
0 0.322957 0.707212 0.00600962 0.0490385 0.729653
0 0.564062 0.512179 0.154087 0.0871795 0.813453
0 0.573798 0.651442 0.0182692 0.0554487 0.915429
0 0.428365 0.464103 0.0182692 0.05 0.931786
0 0.254447 0.534615 0.0137019 0.0160256 0.70723
0 0.201803 0.660256 0.0132212 0.00833333 0.717403
0 0.402284 0.696795 0.00841346 0.0301282 0.750728
0 0.16238 0.588462 0.0141827 0.00961538 0.804176
0 0.566827 0.516667 0.152885 0.0891026 0.84208
0 0.574159 0.650962 0.0194712 0.0544872 0.924313
0 0.428365 0.463942 0.0192308 0.0503205 0.939619
0 0.254447 0.534615 0.0137019 0.0160256 0.70723
0 0.201803 0.660256 0.0132212 0.00833333 0.717403
0 0.402284 0.696795 0.00841346 0.0301282 0.750728
0 0.16238 0.588462 0.0141827 0.00961538 0.804176
0 0.566827 0.516667 0.152885 0.0891026 0.84208
0 0.574159 0.650962 0.0194712 0.0544872 0.924313
0 0.428365 0.463942 0.0192308 0.0503205 0.939619
