0 0.0830529 0.724038 0.0103365 0.164744 0.732982
0 0.958053 0.184455 0.0175481 0.129167 0.74258
0 0.376442 0.779327 0.0182692 0.20609 0.742758
0 0.333053 0.0261218 0.122356 0.0522436 0.788028
0 0.658413 0.43125 0.0105769 0.0451923 0.817107
0 0.596274 0.189263 0.0675481 0.100962 0.819854
0 0.669351 0.779808 0.0685096 0.312179 0.82585
0 0.657212 0.576763 0.157212 0.0419872 0.839352
0 0.105168 0.492788 0.0665865 0.0298077 0.852642
0 0.158173 0.0516026 0.0567308 0.0974359 0.857481
0 0.186779 0.68766 0.08125 0.0439103 0.869261
0 0.439904 0.741667 0.113462 0.516667 0.875713
0 0.111178 0.558814 0.0387019 0.0772436 0.89934
0 0.592668 0.901282 0.0963942 0.197436 0.906296
0 0.891707 0.385897 0.0377404 0.0878205 0.918626
0 0.205409 0.810737 0.0319712 0.172756 0.937218
0 0.846875 0.759135 0.130769 0.186218 0.947626
0 0.0873798 0.320192 0.0396635 0.221795 0.949091
0 0.520072 0.345833 0.0622596 0.0980769 0.953433
0 0.320312 0.600641 0.11899 0.192949 0.953636
0 0.0830529 0.724038 0.0103365 0.164744 0.732982
0 0.958053 0.184455 0.0175481 0.129167 0.74258
0 0.376442 0.779327 0.0182692 0.20609 0.742758
0 0.333053 0.0261218 0.122356 0.0522436 0.788028
0 0.658413 0.43125 0.0105769 0.0451923 0.817107
0 0.596274 0.189263 0.0675481 0.100962 0.819854
0 0.669351 0.779808 0.0685096 0.312179 0.82585
0 0.657212 0.576763 0.157212 0.0419872 0.839352
0 0.105168 0.492788 0.0665865 0.0298077 0.852642
0 0.158173 0.0516026 0.0567308 0.0974359 0.857481
0 0.186779 0.68766 0.08125 0.0439103 0.869261
0 0.439904 0.741667 0.113462 0.516667 0.875713
0 0.111178 0.558814 0.0387019 0.0772436 0.89934
0 0.592668 0.901282 0.0963942 0.197436 0.906296
0 0.891707 0.385897 0.0377404 0.0878205 0.918626
0 0.205409 0.810737 0.0319712 0.172756 0.937218
0 0.846875 0.759135 0.130769 0.186218 0.947626
0 0.0873798 0.320192 0.0396635 0.221795 0.949091
0 0.520072 0.345833 0.0622596 0.0980769 0.953433
0 0.320312 0.600641 0.11899 0.192949 0.953636
0 0.0830529 0.724038 0.0103365 0.164744 0.732982
0 0.958053 0.184455 0.0175481 0.129167 0.74258
0 0.376442 0.779327 0.0182692 0.20609 0.742758
0 0.333053 0.0261218 0.122356 0.0522436 0.788028
0 0.658413 0.43125 0.0105769 0.0451923 0.817107
0 0.596274 0.189263 0.0675481 0.100962 0.819854
0 0.669351 0.779808 0.0685096 0.312179 0.82585
0 0.657212 0.576763 0.157212 0.0419872 0.839352
0 0.105168 0.492788 0.0665865 0.0298077 0.852642
0 0.158173 0.0516026 0.0567308 0.0974359 0.857481
0 0.186779 0.68766 0.08125 0.0439103 0.869261
0 0.439904 0.741667 0.113462 0.516667 0.875713
0 0.111178 0.558814 0.0387019 0.0772436 0.89934
0 0.592668 0.901282 0.0963942 0.197436 0.906296
0 0.891707 0.385897 0.0377404 0.0878205 0.918626
0 0.205409 0.810737 0.0319712 0.172756 0.937218
0 0.846875 0.759135 0.130769 0.186218 0.947626
0 0.0873798 0.320192 0.0396635 0.221795 0.949091
0 0.520072 0.345833 0.0622596 0.0980769 0.953433
0 0.320312 0.600641 0.11899 0.192949 0.953636
0 0.0830529 0.724038 0.0103365 0.164744 0.732982
0 0.958053 0.184455 0.0175481 0.129167 0.74258
0 0.376442 0.779327 0.0182692 0.20609 0.742758
0 0.333053 0.0261218 0.122356 0.0522436 0.788028
0 0.658413 0.43125 0.0105769 0.0451923 0.817107
0 0.596274 0.189263 0.0675481 0.100962 0.819854
0 0.669351 0.779808 0.0685096 0.312179 0.82585
0 0.657212 0.576763 0.157212 0.0419872 0.839352
0 0.105168 0.492788 0.0665865 0.0298077 0.852642
0 0.158173 0.0516026 0.0567308 0.0974359 0.857481
0 0.186779 0.68766 0.08125 0.0439103 0.869261
0 0.439904 0.741667 0.113462 0.516667 0.875713
0 0.111178 0.558814 0.0387019 0.0772436 0.89934
0 0.592668 0.901282 0.0963942 0.197436 0.906296
0 0.891707 0.385897 0.0377404 0.0878205 0.918626
0 0.205409 0.810737 0.0319712 0.172756 0.937218
0 0.846875 0.759135 0.130769 0.186218 0.947626
0 0.0873798 0.320192 0.0396635 0.221795 0.949091
0 0.520072 0.345833 0.0622596 0.0980769 0.953433
0 0.320312 0.600641 0.11899 0.192949 0.953636
0 0.0830529 0.724038 0.0103365 0.164744 0.732982
0 0.958053 0.184455 0.0175481 0.129167 0.74258
0 0.376442 0.779327 0.0182692 0.20609 0.742758
0 0.333053 0.0261218 0.122356 0.0522436 0.788028
0 0.658413 0.43125 0.0105769 0.0451923 0.817107
0 0.596274 0.189263 0.0675481 0.100962 0.819854
0 0.669351 0.779808 0.0685096 0.312179 0.82585
0 0.657212 0.576763 0.157212 0.0419872 0.839352
0 0.105168 0.492788 0.0665865 0.0298077 0.852642
0 0.158173 0.0516026 0.0567308 0.0974359 0.857481
0 0.186779 0.68766 0.08125 0.0439103 0.869261
0 0.439904 0.741667 0.113462 0.516667 0.875713
0 0.111178 0.558814 0.0387019 0.0772436 0.89934
0 0.592668 0.901282 0.0963942 0.197436 0.906296
0 0.891707 0.385897 0.0377404 0.0878205 0.918626
0 0.205409 0.810737 0.0319712 0.172756 0.937218
0 0.846875 0.759135 0.130769 0.186218 0.947626
0 0.0873798 0.320192 0.0396635 0.221795 0.949091
0 0.520072 0.345833 0.0622596 0.0980769 0.953433
0 0.320312 0.600641 0.11899 0.192949 0.953636
0 0.0830529 0.724038 0.0103365 0.164744 0.732982
0 0.958053 0.184455 0.0175481 0.129167 0.74258
0 0.376442 0.779327 0.0182692 0.20609 0.742758
0 0.333053 0.0261218 0.122356 0.0522436 0.788028
0 0.658413 0.43125 0.0105769 0.0451923 0.817107
0 0.596274 0.189263 0.0675481 0.100962 0.819854
0 0.669351 0.779808 0.0685096 0.312179 0.82585
0 0.657212 0.576763 0.157212 0.0419872 0.839352
0 0.105168 0.492788 0.0665865 0.0298077 0.852642
0 0.158173 0.0516026 0.0567308 0.0974359 0.857481
0 0.186779 0.68766 0.08125 0.0439103 0.869261
0 0.439904 0.741667 0.113462 0.516667 0.875713
0 0.111178 0.558814 0.0387019 0.0772436 0.89934
0 0.592668 0.901282 0.0963942 0.197436 0.906296
0 0.891707 0.385897 0.0377404 0.0878205 0.918626
0 0.205409 0.810737 0.0319712 0.172756 0.937218
0 0.846875 0.759135 0.130769 0.186218 0.947626
0 0.0873798 0.320192 0.0396635 0.221795 0.949091
0 0.520072 0.345833 0.0622596 0.0980769 0.953433
0 0.320312 0.600641 0.11899 0.192949 0.953636
0 0.757812 0.526442 0.0305288 0.206731 0.801435
0 0.658413 0.428846 0.00817308 0.0352564 0.804928
0 0.340986 0.025641 0.107452 0.0512821 0.819064
0 0.959495 0.192949 0.015625 0.120513 0.823292
0 0.665865 0.578365 0.145192 0.0394231 0.830734
0 0.0825721 0.726923 0.0103365 0.164103 0.83081
0 0.663702 0.786699 0.0706731 0.308013 0.838546
0 0.10601 0.49375 0.0663462 0.0310897 0.876514
0 0.158053 0.0504808 0.0536058 0.0964744 0.893396
0 0.185697 0.687019 0.0824519 0.0445513 0.897875
0 0.596274 0.127564 0.0742788 0.239103 0.899386
0 0.439423 0.742949 0.112019 0.514103 0.904624
0 0.593149 0.903846 0.0944712 0.192308 0.918418
0 0.110096 0.562981 0.0423077 0.0862179 0.923815
0 0.890865 0.380449 0.0399038 0.099359 0.933586
0 0.206731 0.809135 0.0341346 0.182372 0.949088
0 0.086899 0.320192 0.0391827 0.223718 0.949322
0 0.519832 0.346635 0.0608173 0.0983974 0.954477
0 0.849399 0.754487 0.133413 0.190385 0.956423
0 0.320913 0.602083 0.11875 0.194551 0.956734
0 0.757812 0.526442 0.0305288 0.206731 0.801435
0 0.658413 0.428846 0.00817308 0.0352564 0.804928
0 0.340986 0.025641 0.107452 0.0512821 0.819064
0 0.959495 0.192949 0.015625 0.120513 0.823292
0 0.665865 0.578365 0.145192 0.0394231 0.830734
0 0.0825721 0.726923 0.0103365 0.164103 0.83081
0 0.663702 0.786699 0.0706731 0.308013 0.838546
0 0.10601 0.49375 0.0663462 0.0310897 0.876514
0 0.158053 0.0504808 0.0536058 0.0964744 0.893396
0 0.185697 0.687019 0.0824519 0.0445513 0.897875
0 0.596274 0.127564 0.0742788 0.239103 0.899386
0 0.439423 0.742949 0.112019 0.514103 0.904624
0 0.593149 0.903846 0.0944712 0.192308 0.918418
0 0.110096 0.562981 0.0423077 0.0862179 0.923815
0 0.890865 0.380449 0.0399038 0.099359 0.933586
0 0.206731 0.809135 0.0341346 0.182372 0.949088
0 0.086899 0.320192 0.0391827 0.223718 0.949322
0 0.519832 0.346635 0.0608173 0.0983974 0.954477
0 0.849399 0.754487 0.133413 0.190385 0.956423
0 0.320913 0.602083 0.11875 0.194551 0.956734
