0 0.446635 0.472436 0.0336538 0.0647436 0.752372
0 0.080649 0.257692 0.157933 0.132692 0.826092
0 0.413942 0.965865 0.157692 0.0650641 0.835597
0 0.222596 0.208494 0.0125 0.109295 0.870751
0 0.258894 0.592788 0.0692308 0.602244 0.874865
0 0.519712 0.627244 0.0427885 0.0846154 0.881372
0 0.660577 0.588942 0.109135 0.235577 0.889616
0 0.535577 0.78125 0.103846 0.0586538 0.905772
0 0.0359375 0.634135 0.0709135 0.303526 0.923227
0 0.916947 0.521635 0.16274 0.152885 0.92418
0 0.412981 0.230288 0.0423077 0.183013 0.94819
0 0.792188 0.140705 0.146875 0.276923 0.952684
0 0.158293 0.701923 0.103606 0.197436 0.959199
0 0.09375 0.344551 0.0495192 0.232692 0.963865
