0 0.23101 0.0753205 0.025 0.0192308 0.709569
0 0.382452 0.535417 0.00961538 0.133654 0.731931
0 0.65625 0.573878 0.0134615 0.120192 0.738765
0 0.471154 0.560096 0.0139423 0.127244 0.779735
0 0.779567 0.552885 0.0379808 0.133974 0.823394
0 0.764303 0.0727564 0.0151442 0.0365385 0.829005
0 0.786058 0.130128 0.00865385 0.0564103 0.831865
0 0.677524 0.0682692 0.0112981 0.128205 0.834812
0 0.189663 0.312821 0.0365385 0.182051 0.860109
0 0.272236 0.0761218 0.0271635 0.0176282 0.869703
0 0.531851 0.616346 0.0161058 0.0839744 0.871722
0 0.154687 0.0520833 0.0757212 0.103526 0.87575
0 0.423077 0.398397 0.0620192 0.283974 0.878463
0 0.749279 0.543269 0.0956731 0.130128 0.885464
0 0.400601 0.734615 0.0266827 0.126282 0.896131
0 0.766947 0.741346 0.0175481 0.103205 0.900373
0 0.278245 0.939423 0.0862981 0.121154 0.913146
0 0.889904 0.528526 0.0158654 0.116026 0.9156
0 0.325721 0.0557692 0.0384615 0.0685897 0.915698
0 0.601562 0.657692 0.0199519 0.157692 0.916353
0 0.411538 0.308173 0.0591346 0.0349359 0.919177
0 0.93762 0.251763 0.0939904 0.0791667 0.923073
0 0.14387 0.798237 0.0752404 0.199679 0.924303
0 0.323438 0.115865 0.0598558 0.0298077 0.926527
0 0.582212 0.22516 0.0302885 0.0919872 0.927636
0 0.704327 0.230609 0.0961538 0.0471154 0.932044
0 0.679207 0.805929 0.0805288 0.149038 0.93229
0 0.083774 0.536218 0.117067 0.10641 0.934379
0 0.623918 0.47516 0.0526442 0.158654 0.945673
0 0.258534 0.513622 0.0574519 0.145833 0.945676
0 0.805409 0.713782 0.134856 0.1 0.94992
0 0.407091 0.157532 0.0536058 0.161218 0.951107
0 0.331971 0.253045 0.0466346 0.19391 0.952434
0 0.55 0.443429 0.0533654 0.100962 0.962422
0 0.467788 0.180929 0.0884615 0.131731 0.966643
