0 0.254327 0.420513 0.2625 0.0391026 0.71264
0 0.480769 0.908654 0.0423077 0.0467949 0.715621
0 0.772236 0.288462 0.0266827 0.0288462 0.71663
0 0.501562 0.222115 0.0175481 0.0602564 0.724849
0 0.0371394 0.169712 0.040625 0.013141 0.737827
0 0.534856 0.854167 0.0519231 0.0435897 0.7431
0 0.505889 0.674199 0.009375 0.0964744 0.746207
0 0.390745 0.59359 0.0310096 0.0262821 0.776448
0 0.672476 0.305929 0.059375 0.0746795 0.776877
0 0.460337 0.509295 0.025 0.0198718 0.778997
0 0.861899 0.0639423 0.0401442 0.0208333 0.783615
0 0.823077 0.903526 0.1 0.0403846 0.786392
0 0.679207 0.952564 0.0521635 0.05 0.786413
0 0.888702 0.466346 0.0216346 0.0891026 0.787711
0 0.1125 0.228205 0.0975962 0.0224359 0.791103
0 0.933654 0.2625 0.0322115 0.0185897 0.79396
0 0.799519 0.869712 0.0278846 0.0599359 0.793967
0 0.491346 0.438301 0.0221154 0.0195513 0.81157
0 0.455889 0.451282 0.0252404 0.0179487 0.825266
0 0.260216 0.713301 0.0425481 0.122115 0.828999
0 0.332812 0.611538 0.0358173 0.0403846 0.831546
0 0.371755 0.853686 0.0199519 0.0625 0.831965
0 0.920192 0.305449 0.0629808 0.0275641 0.833169
0 0.245793 0.935897 0.0396635 0.104487 0.837577
0 0.920793 0.788782 0.121394 0.0429487 0.842355
0 0.710216 0.609455 0.127163 0.0996795 0.845703
0 0.720433 0.224679 0.0259615 0.0435897 0.848527
0 0.755288 0.744551 0.0235577 0.098718 0.850961
0 0.0741587 0.08125 0.0362981 0.0240385 0.852199
0 0.187019 0.751122 0.0663462 0.0208333 0.869016
0 0.110096 0.498878 0.0658654 0.0355769 0.869894
0 0.256731 0.0251603 0.08125 0.0221154 0.87037
0 0.650481 0.708333 0.0466346 0.182051 0.873377
0 0.779447 0.801282 0.0872596 0.0833333 0.878303
0 0.0979567 0.684615 0.0362981 0.074359 0.882331
0 0.28762 0.487981 0.0180288 0.113141 0.885344
0 0.327764 0.28734 0.0603365 0.0227564 0.89275
0 0.377524 0.463301 0.0310096 0.0733974 0.897421
0 0.592909 0.0721154 0.117548 0.124359 0.903965
0 0.307212 0.670673 0.0600962 0.157372 0.908471
0 0.880889 0.873558 0.0334135 0.0625 0.909085
0 0.785817 0.614103 0.04375 0.075641 0.910215
0 0.444111 0.800481 0.166587 0.234295 0.913646
0 0.188101 0.0897436 0.0713942 0.0673077 0.924662
0 0.496995 0.132853 0.0257212 0.0945513 0.930736
0 0.897356 0.653686 0.101442 0.0759615 0.934831
0 0.565505 0.486378 0.0949519 0.107372 0.935233
0 0.352644 0.0459936 0.0865385 0.0522436 0.940376
0 0.236659 0.196154 0.0478365 0.128205 0.942323
0 0.375721 0.773237 0.0538462 0.0586538 0.943007
0 0.691827 0.372436 0.0884615 0.050641 0.944055
0 0.914663 0.885897 0.0447115 0.0666667 0.945902
0 0.748678 0.469551 0.122837 0.0948718 0.95117
0 0.488101 0.357051 0.0473558 0.0839744 0.952829
0 0.31863 0.16234 0.0651442 0.0919872 0.96606
0 0.849159 0.180288 0.138221 0.124679 0.969735
