0 0.0509615 0.192628 0.0307692 0.382692 0.756725
0 0.639423 0.888301 0.0495192 0.0189103 0.767286
0 0.456851 0.423397 0.0699519 0.108333 0.786731
0 0.653846 0.197115 0.0274038 0.0442308 0.79293
0 0.510817 0.432692 0.101442 0.182692 0.799652
0 0.719231 0.885737 0.0331731 0.0753205 0.809178
0 0.438702 0.364583 0.0668269 0.116346 0.852622
0 0.883774 0.449199 0.0949519 0.279808 0.862628
0 0.309736 0.241667 0.0507212 0.477564 0.866417
0 0.676082 0.0826923 0.169952 0.162179 0.874593
0 0.33137 0.124679 0.0286058 0.242949 0.880897
0 0.228726 0.100321 0.0334135 0.198077 0.904236
0 0.6625 0.6875 0.179327 0.5 0.916285
0 0.081851 0.658974 0.160337 0.0730769 0.918667
0 0.542668 0.100321 0.0247596 0.200641 0.927374
0 0.25024 0.295192 0.196154 0.179487 0.933395
0 0.409014 0.629647 0.141587 0.244551 0.945424
0 0.337019 0.801923 0.151442 0.172436 0.967768
0 0.0509615 0.192628 0.0307692 0.382692 0.756725
0 0.639423 0.888301 0.0495192 0.0189103 0.767286
0 0.456851 0.423397 0.0699519 0.108333 0.786731
0 0.653846 0.197115 0.0274038 0.0442308 0.79293
0 0.510817 0.432692 0.101442 0.182692 0.799652
0 0.719231 0.885737 0.0331731 0.0753205 0.809178
0 0.438702 0.364583 0.0668269 0.116346 0.852622
0 0.883774 0.449199 0.0949519 0.279808 0.862628
0 0.309736 0.241667 0.0507212 0.477564 0.866417
0 0.676082 0.0826923 0.169952 0.162179 0.874593
0 0.33137 0.124679 0.0286058 0.242949 0.880897
0 0.228726 0.100321 0.0334135 0.198077 0.904236
0 0.6625 0.6875 0.179327 0.5 0.916285
0 0.081851 0.658974 0.160337 0.0730769 0.918667
0 0.542668 0.100321 0.0247596 0.200641 0.927374
0 0.25024 0.295192 0.196154 0.179487 0.933395
0 0.409014 0.629647 0.141587 0.244551 0.945424
0 0.337019 0.801923 0.151442 0.172436 0.967768
