0 0.271274 0.214423 0.0252404 0.0314103 0.717224
0 0.491587 0.0875 0.0216346 0.0602564 0.720571
0 0.693149 0.480288 0.0550481 0.0503205 0.720671
0 0.0239183 0.766026 0.0478365 0.0801282 0.733741
0 0.303486 0.0190705 0.0939904 0.0240385 0.736692
0 0.805409 0.602564 0.0560096 0.0185897 0.739551
0 0.979207 0.107212 0.0411058 0.0778846 0.741596
0 0.319591 0.162179 0.0165865 0.0724359 0.745812
0 0.769832 0.51891 0.0151442 0.0198718 0.768618
0 0.786418 0.20609 0.0377404 0.0378205 0.77079
0 0.888221 0.251603 0.0649038 0.0205128 0.79216
0 0.0305288 0.388622 0.0605769 0.125962 0.797329
0 0.819111 0.579006 0.0555288 0.0157051 0.799296
0 0.945312 0.171795 0.108894 0.0262821 0.811896
0 0.807212 0.649038 0.0322115 0.0121795 0.81469
0 0.696995 0.625481 0.0112981 0.0349359 0.816771
0 0.150721 0.462821 0.0447115 0.0262821 0.825029
0 0.974038 0.411218 0.0504808 0.0852564 0.851521
0 0.698798 0.0762821 0.0870192 0.025 0.855631
0 0.147716 0.0139423 0.0415865 0.0266026 0.857449
0 0.954327 0.543429 0.0254808 0.0971154 0.865482
0 0.726202 0.509615 0.0221154 0.175 0.869325
0 0.58774 0.588301 0.0586538 0.063141 0.88446
0 0.828125 0.477083 0.0216346 0.133013 0.893594
0 0.497837 0.279968 0.0269231 0.0304487 0.894244
0 0.185817 0.120673 0.0264423 0.0387821 0.895507
0 0.422356 0.562981 0.0466346 0.0266026 0.912349
0 0.605529 0.323237 0.0442308 0.125962 0.930425
0 0.679688 0.252404 0.059375 0.16891 0.945303
0 0.271274 0.214423 0.0252404 0.0314103 0.717224
0 0.491587 0.0875 0.0216346 0.0602564 0.720571
0 0.693149 0.480288 0.0550481 0.0503205 0.720671
0 0.0239183 0.766026 0.0478365 0.0801282 0.733741
0 0.303486 0.0190705 0.0939904 0.0240385 0.736692
0 0.805409 0.602564 0.0560096 0.0185897 0.739551
0 0.979207 0.107212 0.0411058 0.0778846 0.741596
0 0.319591 0.162179 0.0165865 0.0724359 0.745812
0 0.769832 0.51891 0.0151442 0.0198718 0.768618
0 0.786418 0.20609 0.0377404 0.0378205 0.77079
0 0.888221 0.251603 0.0649038 0.0205128 0.79216
0 0.0305288 0.388622 0.0605769 0.125962 0.797329
0 0.819111 0.579006 0.0555288 0.0157051 0.799296
0 0.945312 0.171795 0.108894 0.0262821 0.811896
0 0.807212 0.649038 0.0322115 0.0121795 0.81469
0 0.696995 0.625481 0.0112981 0.0349359 0.816771
0 0.150721 0.462821 0.0447115 0.0262821 0.825029
0 0.974038 0.411218 0.0504808 0.0852564 0.851521
0 0.698798 0.0762821 0.0870192 0.025 0.855631
0 0.147716 0.0139423 0.0415865 0.0266026 0.857449
0 0.954327 0.543429 0.0254808 0.0971154 0.865482
0 0.726202 0.509615 0.0221154 0.175 0.869325
0 0.58774 0.588301 0.0586538 0.063141 0.88446
0 0.828125 0.477083 0.0216346 0.133013 0.893594
0 0.497837 0.279968 0.0269231 0.0304487 0.894244
0 0.185817 0.120673 0.0264423 0.0387821 0.895507
0 0.422356 0.562981 0.0466346 0.0266026 0.912349
0 0.605529 0.323237 0.0442308 0.125962 0.930425
0 0.679688 0.252404 0.059375 0.16891 0.945303
0 0.271274 0.214423 0.0252404 0.0314103 0.717224
0 0.491587 0.0875 0.0216346 0.0602564 0.720571
0 0.693149 0.480288 0.0550481 0.0503205 0.720671
0 0.0239183 0.766026 0.0478365 0.0801282 0.733741
0 0.303486 0.0190705 0.0939904 0.0240385 0.736692
0 0.805409 0.602564 0.0560096 0.0185897 0.739551
0 0.979207 0.107212 0.0411058 0.0778846 0.741596
0 0.319591 0.162179 0.0165865 0.0724359 0.745812
0 0.769832 0.51891 0.0151442 0.0198718 0.768618
0 0.786418 0.20609 0.0377404 0.0378205 0.77079
0 0.888221 0.251603 0.0649038 0.0205128 0.79216
0 0.0305288 0.388622 0.0605769 0.125962 0.797329
0 0.819111 0.579006 0.0555288 0.0157051 0.799296
0 0.945312 0.171795 0.108894 0.0262821 0.811896
0 0.807212 0.649038 0.0322115 0.0121795 0.81469
0 0.696995 0.625481 0.0112981 0.0349359 0.816771
0 0.150721 0.462821 0.0447115 0.0262821 0.825029
0 0.974038 0.411218 0.0504808 0.0852564 0.851521
0 0.698798 0.0762821 0.0870192 0.025 0.855631
0 0.147716 0.0139423 0.0415865 0.0266026 0.857449
0 0.954327 0.543429 0.0254808 0.0971154 0.865482
0 0.726202 0.509615 0.0221154 0.175 0.869325
0 0.58774 0.588301 0.0586538 0.063141 0.88446
0 0.828125 0.477083 0.0216346 0.133013 0.893594
0 0.497837 0.279968 0.0269231 0.0304487 0.894244
0 0.185817 0.120673 0.0264423 0.0387821 0.895507
0 0.422356 0.562981 0.0466346 0.0266026 0.912349
0 0.605529 0.323237 0.0442308 0.125962 0.930425
0 0.679688 0.252404 0.059375 0.16891 0.945303
0 0.271274 0.214423 0.0252404 0.0314103 0.717224
0 0.491587 0.0875 0.0216346 0.0602564 0.720571
0 0.693149 0.480288 0.0550481 0.0503205 0.720671
0 0.0239183 0.766026 0.0478365 0.0801282 0.733741
0 0.303486 0.0190705 0.0939904 0.0240385 0.736692
0 0.805409 0.602564 0.0560096 0.0185897 0.739551
0 0.979207 0.107212 0.0411058 0.0778846 0.741596
0 0.319591 0.162179 0.0165865 0.0724359 0.745812
0 0.769832 0.51891 0.0151442 0.0198718 0.768618
0 0.786418 0.20609 0.0377404 0.0378205 0.77079
0 0.888221 0.251603 0.0649038 0.0205128 0.79216
0 0.0305288 0.388622 0.0605769 0.125962 0.797329
0 0.819111 0.579006 0.0555288 0.0157051 0.799296
0 0.945312 0.171795 0.108894 0.0262821 0.811896
0 0.807212 0.649038 0.0322115 0.0121795 0.81469
0 0.696995 0.625481 0.0112981 0.0349359 0.816771
0 0.150721 0.462821 0.0447115 0.0262821 0.825029
0 0.974038 0.411218 0.0504808 0.0852564 0.851521
0 0.698798 0.0762821 0.0870192 0.025 0.855631
0 0.147716 0.0139423 0.0415865 0.0266026 0.857449
0 0.954327 0.543429 0.0254808 0.0971154 0.865482
0 0.726202 0.509615 0.0221154 0.175 0.869325
0 0.58774 0.588301 0.0586538 0.063141 0.88446
0 0.828125 0.477083 0.0216346 0.133013 0.893594
0 0.497837 0.279968 0.0269231 0.0304487 0.894244
0 0.185817 0.120673 0.0264423 0.0387821 0.895507
0 0.422356 0.562981 0.0466346 0.0266026 0.912349
0 0.605529 0.323237 0.0442308 0.125962 0.930425
0 0.679688 0.252404 0.059375 0.16891 0.945303
0 0.527043 0.79359 0.0112981 0.0589744 0.705914
0 0.78762 0.207212 0.0401442 0.0407051 0.721414
0 0.269712 0.212019 0.0177885 0.0227564 0.735293
0 0.491106 0.0850962 0.0230769 0.0541667 0.740107
0 0.821514 0.580128 0.0569712 0.0198718 0.744235
0 0.94351 0.172596 0.102885 0.0227564 0.748917
0 0.590024 0.735737 0.0266827 0.0105769 0.751561
0 0.755889 0.724519 0.0122596 0.036859 0.768024
0 0.305649 0.0208333 0.0853365 0.0224359 0.768754
0 0.118029 0.430929 0.0230769 0.0157051 0.774814
0 0.771034 0.817788 0.0396635 0.0849359 0.779058
0 0.807452 0.599679 0.0620192 0.0230769 0.78874
0 0.389543 0.0770833 0.015625 0.0592949 0.794345
0 0.296394 0.705288 0.0524038 0.0259615 0.797509
0 0.0245192 0.78141 0.0485577 0.05 0.817877
0 0.769712 0.519231 0.0149038 0.0230769 0.820017
0 0.953125 0.53766 0.0240385 0.088782 0.837191
0 0.807332 0.649199 0.0319712 0.013141 0.839449
0 0.655769 0.734135 0.0538462 0.0477564 0.84651
0 0.888221 0.251282 0.0576923 0.0192308 0.850675
0 0.697236 0.62468 0.0112981 0.0339744 0.850783
0 0.147115 0.0141026 0.04375 0.0269231 0.864801
0 0.318149 0.163622 0.0204327 0.0804487 0.880132
0 0.694832 0.0782051 0.0776442 0.0237179 0.880212
0 0.726082 0.502885 0.0223558 0.185256 0.882649
0 0.878606 0.620353 0.0985577 0.147756 0.887334
0 0.184976 0.120994 0.0252404 0.0375 0.902686
0 0.585577 0.58766 0.0581731 0.0650641 0.903597
0 0.828245 0.479327 0.021875 0.134295 0.904569
0 0.498437 0.280288 0.0276442 0.0304487 0.909439
0 0.15024 0.46234 0.0427885 0.0259615 0.915024
0 0.422716 0.563301 0.0487981 0.0285256 0.922595
0 0.974639 0.409455 0.0492788 0.0778846 0.92437
0 0.605769 0.322917 0.0418269 0.11891 0.941669
0 0.680288 0.252724 0.0572115 0.1625 0.955059
0 0.527043 0.79359 0.0112981 0.0589744 0.705914
0 0.78762 0.207212 0.0401442 0.0407051 0.721414
0 0.269712 0.212019 0.0177885 0.0227564 0.735293
0 0.491106 0.0850962 0.0230769 0.0541667 0.740107
0 0.821514 0.580128 0.0569712 0.0198718 0.744235
0 0.94351 0.172596 0.102885 0.0227564 0.748917
0 0.590024 0.735737 0.0266827 0.0105769 0.751561
0 0.755889 0.724519 0.0122596 0.036859 0.768024
0 0.305649 0.0208333 0.0853365 0.0224359 0.768754
0 0.118029 0.430929 0.0230769 0.0157051 0.774814
0 0.771034 0.817788 0.0396635 0.0849359 0.779058
0 0.807452 0.599679 0.0620192 0.0230769 0.78874
0 0.389543 0.0770833 0.015625 0.0592949 0.794345
0 0.296394 0.705288 0.0524038 0.0259615 0.797509
0 0.0245192 0.78141 0.0485577 0.05 0.817877
0 0.769712 0.519231 0.0149038 0.0230769 0.820017
0 0.953125 0.53766 0.0240385 0.088782 0.837191
0 0.807332 0.649199 0.0319712 0.013141 0.839449
0 0.655769 0.734135 0.0538462 0.0477564 0.84651
0 0.888221 0.251282 0.0576923 0.0192308 0.850675
0 0.697236 0.62468 0.0112981 0.0339744 0.850783
0 0.147115 0.0141026 0.04375 0.0269231 0.864801
0 0.318149 0.163622 0.0204327 0.0804487 0.880132
0 0.694832 0.0782051 0.0776442 0.0237179 0.880212
0 0.726082 0.502885 0.0223558 0.185256 0.882649
0 0.878606 0.620353 0.0985577 0.147756 0.887334
0 0.184976 0.120994 0.0252404 0.0375 0.902686
0 0.585577 0.58766 0.0581731 0.0650641 0.903597
0 0.828245 0.479327 0.021875 0.134295 0.904569
0 0.498437 0.280288 0.0276442 0.0304487 0.909439
0 0.15024 0.46234 0.0427885 0.0259615 0.915024
0 0.422716 0.563301 0.0487981 0.0285256 0.922595
0 0.974639 0.409455 0.0492788 0.0778846 0.92437
0 0.605769 0.322917 0.0418269 0.11891 0.941669
0 0.680288 0.252724 0.0572115 0.1625 0.955059
