0 0.879447 0.203686 0.0228365 0.0189103 0.702063
0 0.204928 0.011859 0.0165865 0.0153846 0.719121
0 0.667188 0.621635 0.125721 0.0195513 0.7309
0 0.498558 0.335897 0.111538 0.0384615 0.754314
0 0.283894 0.433333 0.0163462 0.132692 0.770224
0 0.866106 0.227564 0.0201923 0.0134615 0.770596
0 0.122356 0.766186 0.05 0.0208333 0.795243
0 0.667548 0.116827 0.0274038 0.0182692 0.800135
0 0.561899 0.670192 0.00841346 0.117949 0.800716
0 0.911418 0.0472756 0.0209135 0.036859 0.806742
0 0.83125 0.136859 0.0288462 0.0192308 0.839693
0 0.0135817 0.703686 0.0194712 0.0413462 0.842253
0 0.546755 0.0511218 0.0228365 0.0862179 0.846909
0 0.441226 0.301122 0.0396635 0.0836538 0.854352
0 0.640024 0.375962 0.0574519 0.025641 0.857378
0 0.411779 0.240385 0.0182692 0.0814103 0.85739
0 0.4 0.402404 0.0365385 0.0798077 0.860677
0 0.488942 0.647596 0.00865385 0.0496795 0.869044
0 0.620553 0.133173 0.0449519 0.0150641 0.874548
0 0.91226 0.784936 0.0302885 0.0878205 0.884257
0 0.896995 0.154968 0.0387019 0.0560897 0.887814
0 0.422837 0.172756 0.0298077 0.0839744 0.891841
0 0.982813 0.953045 0.0338942 0.0862179 0.899926
0 0.350481 0.20625 0.0725962 0.0240385 0.900268
0 0.638942 0.490385 0.142788 0.0205128 0.900289
0 0.666827 0.678045 0.117308 0.0266026 0.90966
0 0.765385 0.954006 0.0658654 0.0900641 0.912507
0 0.348558 0.0830128 0.0653846 0.0801282 0.916062
0 0.391466 0.798077 0.0588942 0.0698718 0.917478
0 0.932091 0.0963141 0.135817 0.106731 0.919985
0 0.507212 0.460096 0.0298077 0.0182692 0.921501
0 0.478486 0.844391 0.22476 0.304167 0.922918
0 0.538702 0.283494 0.0567308 0.0958333 0.922958
0 0.758534 0.725 0.0550481 0.241026 0.92409
0 0.774159 0.577564 0.270913 0.132051 0.930816
0 0.944832 0.851923 0.108894 0.124359 0.937087
0 0.190625 0.242147 0.0384615 0.269551 0.938439
0 0.411899 0.561859 0.0310096 0.0262821 0.94428
0 0.610577 0.93109 0.105769 0.0666667 0.950344
0 0.784976 0.30016 0.11274 0.0528846 0.953781
0 0.865625 0.414423 0.144231 0.105769 0.967911
0 0.658534 0.425962 0.059375 0.116667 0.970403
0 0.930769 0.594551 0.0447115 0.0955128 0.972108
