0 0.652524 0.488462 0.00841346 0.141026 0.730471
0 0.0727163 0.107212 0.0848558 0.0342949 0.744602
0 0.539663 0.0458333 0.08125 0.0891026 0.766313
0 0.0998798 0.254808 0.0300481 0.0333333 0.809805
0 0.607572 0.0583333 0.0161058 0.116667 0.827115
0 0.25601 0.530769 0.162019 0.446795 0.84111
0 0.570793 0.945353 0.11226 0.108013 0.87082
0 0.763341 0.9 0.151683 0.0711538 0.871672
0 0.216466 0.414423 0.147356 0.0724359 0.880729
0 0.148438 0.579006 0.12524 0.036218 0.895039
0 0.872236 0.664744 0.0199519 0.155128 0.89507
0 0.0472356 0.76875 0.0925481 0.19391 0.899695
0 0.528726 0.890224 0.0223558 0.219551 0.907323
0 0.104687 0.335417 0.0454327 0.329808 0.928697
0 0.180168 0.748077 0.0954327 0.164744 0.933196
0 0.212981 0.191667 0.0682692 0.226282 0.939975
0 0.373678 0.683013 0.0882212 0.408974 0.944262
0 0.479808 0.263141 0.0384615 0.153846 0.946244
0 0.649038 0.261699 0.132212 0.0605769 0.946712
0 0.936899 0.274359 0.107452 0.108974 0.94693
0 0.308413 0.20609 0.121154 0.239103 0.947966
0 0.712981 0.701603 0.13125 0.151923 0.950522
0 0.55024 0.632212 0.0764423 0.200321 0.955695
0 0.449519 0.603686 0.0653846 0.156731 0.962614
