0 0.927043 0.34391 0.0487981 0.00961538 0.737483
0 0.0425481 0.498718 0.0375 0.0160256 0.746524
0 0.597236 0.0405449 0.00841346 0.038141 0.782024
0 0.715264 0.898558 0.102163 0.011859 0.842149
0 0.430649 0.65625 0.0213942 0.54391 0.843697
0 0.366947 0.155769 0.0237981 0.308974 0.84622
0 0.49988 0.610256 0.0377404 0.299359 0.865184
0 0.634135 0.276763 0.148558 0.0163462 0.871873
0 0.53113 0.375801 0.389183 0.145833 0.898274
0 0.751923 0.810897 0.0822115 0.378205 0.920945
0 0.700721 0.691506 0.177885 0.592628 0.926687
