0 0.602885 0.0128205 0.0211538 0.025 0.712895
0 0.375962 0.075 0.0163462 0.0346154 0.787484
0 0.433654 0.468109 0.0197115 0.0157051 0.805451
0 0.370913 0.134135 0.00961538 0.0298077 0.84104
0 0.347236 0.720353 0.0425481 0.0727564 0.849712
0 0.654567 0.497436 0.0322115 0.0269231 0.851663
0 0.211538 0.290545 0.0336538 0.0464744 0.869109
0 0.395192 0.477244 0.0322115 0.0307692 0.880934
0 0.644231 0.882051 0.0375 0.0224359 0.906697
0 0.840625 0.587821 0.0432692 0.145513 0.91439
0 0.590144 0.329167 0.0490385 0.0794872 0.941094
0 0.797957 0.174038 0.0603365 0.0467949 0.946718
