0 0.490385 0.308333 0.386058 0.0794872 0.721129
0 0.613822 0.509295 0.0286058 0.0262821 0.723705
0 0.971514 0.951442 0.0358173 0.0951923 0.759951
0 0.905288 0.946154 0.18125 0.0903846 0.776364
0 0.028726 0.163462 0.0564904 0.0532051 0.796082
0 0.935337 0.258654 0.00913462 0.122436 0.796516
0 0.376082 0.413301 0.279567 0.188782 0.801609
0 0.608534 0.683974 0.0675481 0.0570513 0.802351
0 0.951442 0.925962 0.0889423 0.0519231 0.805227
0 0.679567 0.817308 0.0423077 0.0224359 0.842799
0 0.564062 0.517468 0.0242788 0.0772436 0.843654
0 0.445553 0.345994 0.028125 0.228526 0.849605
0 0.292308 0.0716346 0.05625 0.143269 0.853702
0 0.490745 0.441186 0.0665865 0.0785256 0.881818
0 0.692308 0.20641 0.178846 0.0512821 0.88381
0 0.744712 0.563141 0.275481 0.0358974 0.89335
0 0.902284 0.262019 0.0199519 0.188782 0.901628
0 0.41274 0.601122 0.194712 0.236218 0.905932
0 0.38113 0.958333 0.124279 0.0724359 0.909462
0 0.755409 0.346795 0.317067 0.0942308 0.909654
0 0.745673 0.814744 0.115865 0.0782051 0.911614
0 0.675361 0.925321 0.046875 0.0333333 0.914951
0 0.473678 0.494231 0.0925481 0.107692 0.926356
0 0.286418 0.725 0.336779 0.245513 0.938911
0 0.547837 0.177083 0.120192 0.3375 0.942616
0 0.200601 0.342308 0.11899 0.191026 0.957601
0 0.917067 0.112981 0.165865 0.220192 0.962532
0 0.708293 0.705609 0.123317 0.249679 0.966524
