Scratch 0.107446 1 243 29 255
Scratch 0.117204 241 618 324 640
Scratch 0.125966 284 616 308 641
Scratch 0.145602 1 575 54 595
Scratch 0.186119 350 599 367 641
Scratch 0.191765 59 616 141 641
Scratch 0.233932 562 1 600 13
Scratch 0.298611 561 1 641 13
Scratch 0.319436 101 119 116 131
Scratch 0.34072 313 462 452 480
Scratch 0.348339 20 44 69 59
Scratch 0.363614 432 1 488 23
Scratch 0.502878 493 600 577 641
Scratch 0.508675 604 45 641 105
Scratch 0.565064 102 615 139 639
Scratch 0.58081 1 378 41 495
Scratch 0.612236 551 179 641 199
Scratch 0.620309 181 207 265 218
Scratch 0.647439 4 585 58 595
Scratch 0.650438 344 600 357 640
Scratch 0.816311 147 1 203 71
Scratch 0.835301 193 141 236 171
Scratch 0.84853 1 263 55 346
Scratch 0.874882 223 304 327 317
Scratch 0.894512 272 138 304 208
Scratch 0.897246 226 353 251 541
Scratch 0.898357 431 165 483 253
Scratch 0.908172 333 363 412 406
Scratch 0.933819 290 521 383 556
Scratch 0.938059 354 144 431 185
Scratch 0.948903 454 426 503 544
Scratch 0.956508 104 321 185 381
