Scratch 0.126128 124 188 133 193
Scratch 0.128181 566 531 640 623
Scratch 0.158424 67 8 127 134
Scratch 0.198708 171 1 190 13
Scratch 0.199567 324 488 329 494
Scratch 0.320798 625 41 640 87
Scratch 0.342629 154 1 191 13
Scratch 0.357823 6 481 52 557
Scratch 0.389371 89 127 115 146
Scratch 0.443424 100 594 110 607
Scratch 0.471295 182 617 236 625
Scratch 0.548244 181 624 236 633
Scratch 0.560127 567 566 574 640
Scratch 0.670271 268 61 286 149
Scratch 0.696927 234 75 244 118
Scratch 0.697249 538 346 558 359
Scratch 0.715218 275 334 291 343
Scratch 0.728176 347 622 443 640
Scratch 0.728821 187 204 198 213
Scratch 0.735204 267 115 287 126
Scratch 0.753903 90 543 164 638
Scratch 0.755494 70 1 90 119
Scratch 0.804745 247 233 269 248
Scratch 0.807523 529 1 549 47
Scratch 0.825055 241 504 260 518
Scratch 0.826307 86 123 140 167
Scratch 0.836782 290 41 308 129
Scratch 0.838912 289 110 425 138
Scratch 0.844043 72 213 89 325
Scratch 0.846914 340 517 378 532
Scratch 0.857537 217 1 316 70
Scratch 0.85971 288 577 313 637
Scratch 0.873734 170 152 195 173
Scratch 0.896451 96 449 158 481
Scratch 0.905635 504 495 529 534
Scratch 0.919827 304 205 414 220
Scratch 0.930723 351 221 398 309
Scratch 0.931249 440 340 530 396
Scratch 0.93523 157 258 188 328
Scratch 0.938024 411 1 461 121
Scratch 0.939376 363 89 562 185
Scratch 0.940636 327 55 415 78
Scratch 0.953318 551 84 598 160
Scratch 0.962926 260 350 309 432
