Scratch 0.11611 1 401 18 441
Scratch 0.128146 308 164 326 257
Scratch 0.159 294 155 322 243
Scratch 0.160035 16 201 29 209
Scratch 0.160074 187 188 294 273
Scratch 0.177075 1 312 9 330
Scratch 0.182714 291 153 307 237
Scratch 0.201171 239 631 297 641
Scratch 0.217764 575 390 625 496
Scratch 0.287332 626 13 640 72
Scratch 0.342528 1 171 11 186
Scratch 0.400172 496 604 501 609
Scratch 0.633833 348 183 358 223
Scratch 0.674012 182 215 315 254
Scratch 0.677499 432 462 438 507
Scratch 0.706154 52 213 198 312
Scratch 0.812099 186 359 206 394
Scratch 0.814945 331 336 355 354
Scratch 0.819151 192 314 294 331
Scratch 0.846603 505 310 529 420
Scratch 0.852587 222 401 271 435
Scratch 0.853133 569 104 632 125
Scratch 0.85335 187 176 271 200
Scratch 0.884084 450 285 470 304
Scratch 0.887399 398 254 427 276
Scratch 0.889349 8 53 80 120
Scratch 0.896081 415 359 441 427
Scratch 0.91254 60 92 82 178
Scratch 0.92086 275 41 387 185
Scratch 0.925179 21 219 60 291
Scratch 0.928031 141 72 193 246
Scratch 0.931664 205 331 251 423
Scratch 0.93462 454 91 522 267
Scratch 0.940567 300 451 345 539
Scratch 0.941873 448 545 509 584
Scratch 0.944665 399 66 446 122
Scratch 0.955151 85 459 172 510
Scratch 0.957872 19 344 133 433
