Scratch 0.129015 64 1 129 10
Scratch 0.153532 98 92 116 113
Scratch 0.156059 2 179 74 254
Scratch 0.179796 36 158 77 188
Scratch 0.196887 19 145 123 231
Scratch 0.235742 97 88 132 109
Scratch 0.296433 1 1 54 23
Scratch 0.326755 579 110 607 180
Scratch 0.348381 551 105 575 144
Scratch 0.354317 137 414 148 426
Scratch 0.361827 46 172 74 180
Scratch 0.363336 340 325 414 381
Scratch 0.416897 377 626 433 640
Scratch 0.50388 613 364 640 372
Scratch 0.538534 36 170 74 183
Scratch 0.563216 137 489 193 508
Scratch 0.573897 233 497 239 505
Scratch 0.614377 211 218 235 312
Scratch 0.658156 356 432 382 490
Scratch 0.703021 16 370 49 559
Scratch 0.728135 268 570 325 640
Scratch 0.740924 593 122 601 155
Scratch 0.762646 1 11 117 45
Scratch 0.782782 354 432 392 625
Scratch 0.785684 551 102 617 204
Scratch 0.795538 11 214 74 239
Scratch 0.811353 595 197 611 213
Scratch 0.83419 131 42 150 96
Scratch 0.836184 576 393 594 483
Scratch 0.850112 503 567 591 639
Scratch 0.862538 89 361 136 393
Scratch 0.898854 379 45 447 85
Scratch 0.901636 32 168 78 241
Scratch 0.904531 433 169 512 252
Scratch 0.911468 484 322 545 524
Scratch 0.917358 166 77 295 149
Scratch 0.926283 144 203 234 318
Scratch 0.935999 347 193 451 311
