Scratch 0.17841 1 263 45 323
Scratch 0.306324 148 615 185 641
Scratch 0.396859 1 245 40 301
Scratch 0.514371 1 589 11 611
Scratch 0.648789 561 268 637 277
Scratch 0.702888 333 588 512 613
Scratch 0.710816 335 597 507 620
Scratch 0.745736 275 477 290 500
Scratch 0.829267 2 401 30 439
Scratch 0.864767 252 251 305 259
Scratch 0.869151 87 352 142 397
Scratch 0.897073 426 2 504 88
Scratch 0.903909 592 350 640 466
Scratch 0.923918 1 267 214 371
Scratch 0.93202 362 68 432 230
Scratch 0.933042 514 1 619 107
Scratch 0.93836 286 111 372 206
Scratch 0.963266 19 355 186 558
