Scratch 0.241083 558 305 575 312
Scratch 0.308868 568 366 577 404
Scratch 0.324245 216 422 222 490
Scratch 0.437391 613 177 629 207
Scratch 0.57047 355 186 361 203
Scratch 0.655282 117 617 201 641
Scratch 0.801636 25 303 95 383
Scratch 0.81025 483 167 511 186
Scratch 0.837584 49 202 195 235
Scratch 0.8387 411 562 491 640
Scratch 0.855419 51 452 77 641
Scratch 0.883466 253 379 397 399
Scratch 0.891394 309 161 337 209
Scratch 0.911937 353 447 452 502
Scratch 0.935463 455 204 559 254
Scratch 0.938527 163 295 247 375
Scratch 0.94335 217 161 269 237
