Scratch 0.112471 132 167 194 182
Scratch 0.122506 478 106 499 139
Scratch 0.1444 568 525 638 577
Scratch 0.158448 271 114 335 164
Scratch 0.164618 395 1 407 12
Scratch 0.171005 98 604 180 638
Scratch 0.201045 97 578 193 635
Scratch 0.216954 513 453 617 484
Scratch 0.242262 496 166 589 188
Scratch 0.243344 323 609 519 640
Scratch 0.249941 571 104 637 122
Scratch 0.27358 591 369 641 396
Scratch 0.303387 277 389 336 396
Scratch 0.30755 200 374 338 396
Scratch 0.345242 331 570 447 640
Scratch 0.414737 442 322 451 334
Scratch 0.418317 329 223 333 231
Scratch 0.435962 597 535 641 611
Scratch 0.534402 490 100 503 138
Scratch 0.585465 469 101 493 140
Scratch 0.647787 180 270 193 280
Scratch 0.691316 242 586 476 640
Scratch 0.706457 184 373 262 389
Scratch 0.714363 126 609 167 641
Scratch 0.775759 1 474 104 515
Scratch 0.782669 387 557 413 641
Scratch 0.793597 431 167 455 234
Scratch 0.814893 458 227 512 246
Scratch 0.818972 2 485 311 572
Scratch 0.835956 1 562 258 632
Scratch 0.874791 197 455 293 466
Scratch 0.877363 488 347 501 430
Scratch 0.887868 67 67 102 110
Scratch 0.892261 4 213 41 281
Scratch 0.892283 523 220 563 266
Scratch 0.902507 583 159 622 194
Scratch 0.917724 284 253 313 308
Scratch 0.921377 406 97 460 165
Scratch 0.921666 364 455 469 502
Scratch 0.935694 8 402 74 456
Scratch 0.936211 231 114 335 187
Scratch 0.944996 194 279 264 355
