Scratch 0.139169 365 99 517 175
Scratch 0.220861 474 74 495 160
Scratch 0.250489 494 97 512 181
Scratch 0.253336 158 82 172 88
Scratch 0.333978 628 483 641 499
Scratch 0.476238 100 1 130 8
Scratch 0.550112 298 79 308 198
Scratch 0.618817 536 108 546 149
Scratch 0.648681 169 1 228 21
Scratch 0.688098 45 16 101 22
Scratch 0.733369 610 395 626 441
Scratch 0.750501 470 74 515 172
Scratch 0.755421 514 264 540 281
Scratch 0.779976 355 138 501 166
Scratch 0.843505 366 239 474 251
Scratch 0.848964 588 185 613 209
Scratch 0.88016 589 1 640 50
Scratch 0.881122 94 218 116 339
Scratch 0.887664 63 506 170 602
Scratch 0.892182 228 4 250 86
Scratch 0.905198 366 93 452 117
Scratch 0.909363 461 1 579 105
Scratch 0.914196 598 293 627 361
Scratch 0.926546 252 371 338 426
Scratch 0.936721 218 128 420 226
Scratch 0.940186 319 3 366 155
Scratch 0.94843 474 377 526 465
Scratch 0.954813 186 126 228 195
Scratch 0.955202 377 248 428 342
Scratch 0.955896 47 82 151 152
Scratch 0.95885 177 256 301 342
