Scratch 0.101619 266 1 320 55
Scratch 0.114159 247 2 311 29
Scratch 0.123045 235 1 301 17
Scratch 0.123525 1 195 31 206
Scratch 0.125413 82 256 103 273
Scratch 0.135006 1 55 43 109
Scratch 0.171709 416 265 430 349
Scratch 0.18154 148 39 206 103
Scratch 0.183845 622 419 639 515
Scratch 0.186063 1 119 51 139
Scratch 0.223864 244 84 272 134
Scratch 0.285397 104 286 126 295
Scratch 0.51716 617 162 641 247
Scratch 0.517252 1 199 29 207
Scratch 0.593961 540 572 546 617
Scratch 0.688838 242 68 288 129
Scratch 0.706837 389 250 432 342
Scratch 0.729862 453 281 463 323
Scratch 0.752357 559 387 578 406
Scratch 0.761612 70 248 100 270
Scratch 0.778483 149 306 280 404
Scratch 0.790894 337 111 377 131
Scratch 0.797415 280 309 422 352
Scratch 0.803006 616 415 633 525
Scratch 0.840634 29 407 52 534
Scratch 0.845714 436 438 461 456
Scratch 0.846042 1 164 56 189
Scratch 0.859488 287 413 395 429
Scratch 0.865067 507 355 535 375
Scratch 0.870714 289 270 372 291
Scratch 0.876583 1 266 81 336
Scratch 0.898626 524 462 550 534
Scratch 0.905737 559 188 634 365
Scratch 0.907262 402 556 451 641
Scratch 0.917123 153 175 177 262
Scratch 0.928437 305 427 352 521
Scratch 0.934905 239 171 294 334
Scratch 0.93508 377 103 508 278
Scratch 0.951069 113 307 156 378
Scratch 0.955123 181 557 272 609
Scratch 0.955349 97 123 185 206
Scratch 0.955373 507 164 555 213
Scratch 0.957692 111 438 230 528
