Scratch 0.101494 22 1 334 61
Scratch 0.161624 1 1 164 69
Scratch 0.176404 387 181 399 196
Scratch 0.209653 570 586 596 639
Scratch 0.212847 1 376 57 458
Scratch 0.230439 61 22 104 43
Scratch 0.252106 1 53 39 132
Scratch 0.277761 330 247 348 255
Scratch 0.318287 484 459 494 470
Scratch 0.318933 480 428 540 469
Scratch 0.36624 132 134 190 151
Scratch 0.406533 554 547 572 599
Scratch 0.412911 615 442 641 468
Scratch 0.446172 575 613 603 640
Scratch 0.634396 57 1 147 46
Scratch 0.639124 1 493 33 544
Scratch 0.651658 331 538 425 555
Scratch 0.68642 566 72 636 116
Scratch 0.775402 422 351 503 370
Scratch 0.804299 317 307 360 335
Scratch 0.805555 13 610 105 628
Scratch 0.841987 567 240 641 261
Scratch 0.867111 387 460 433 517
Scratch 0.879748 213 98 241 167
Scratch 0.914336 164 328 222 434
Scratch 0.915402 313 1 341 163
Scratch 0.939766 49 157 119 329
Scratch 0.954849 202 446 287 599
Scratch 0.956995 276 392 369 458
