Scratch 0.140026 130 2 272 17
Scratch 0.149067 191 608 195 614
Scratch 0.167648 239 360 345 382
Scratch 0.22086 293 604 316 641
Scratch 0.265469 1 400 8 416
Scratch 0.346674 1 567 19 575
Scratch 0.374073 135 46 391 74
Scratch 0.439895 28 24 71 122
Scratch 0.502192 296 601 305 640
Scratch 0.599371 247 356 314 370
Scratch 0.631916 175 281 261 297
Scratch 0.680587 354 628 427 641
Scratch 0.683104 78 576 95 641
Scratch 0.73983 67 350 75 516
Scratch 0.779794 325 542 493 552
Scratch 0.811313 615 355 627 567
Scratch 0.823936 52 267 65 278
Scratch 0.834053 429 591 460 641
Scratch 0.863555 305 345 367 364
Scratch 0.882666 234 371 360 391
Scratch 0.888115 532 471 570 502
Scratch 0.888995 544 533 569 620
Scratch 0.94018 142 521 196 576
Scratch 0.945174 501 344 539 437
Scratch 0.947973 141 389 329 637
Scratch 0.958657 408 401 469 476
Scratch 0.969632 294 437 371 480
