Scratch 0.127307 536 109 640 168
Scratch 0.144604 1 69 21 108
Scratch 0.169548 3 1 127 92
Scratch 0.195367 524 192 537 198
Scratch 0.455062 74 1 124 27
Scratch 0.517394 277 471 328 567
Scratch 0.596029 631 284 641 314
Scratch 0.648954 1 507 31 554
Scratch 0.721869 277 420 349 562
Scratch 0.772189 423 597 443 641
Scratch 0.776505 497 508 508 588
Scratch 0.800415 34 140 51 221
Scratch 0.800515 585 535 612 627
Scratch 0.831631 40 403 82 543
Scratch 0.837216 599 285 634 307
Scratch 0.842025 176 352 186 434
Scratch 0.85889 368 350 393 472
Scratch 0.860725 126 173 192 188
Scratch 0.872263 513 265 528 320
Scratch 0.878745 359 239 387 290
Scratch 0.884206 419 56 638 168
Scratch 0.889058 9 535 73 583
Scratch 0.896229 404 136 465 174
Scratch 0.90187 107 297 123 420
Scratch 0.902377 489 405 613 425
Scratch 0.902939 210 20 355 110
Scratch 0.927715 505 195 640 270
Scratch 0.92792 262 274 295 362
Scratch 0.931174 278 492 308 562
Scratch 0.933389 147 556 230 609
Scratch 0.955825 268 165 328 237
