Scratch 0.103748 1 316 51 333
Scratch 0.11352 610 588 616 618
Scratch 0.120818 1 82 17 106
Scratch 0.156038 489 31 553 99
Scratch 0.165805 406 366 411 379
Scratch 0.181392 1 94 18 107
Scratch 0.187576 250 625 276 641
Scratch 0.188742 47 353 81 369
Scratch 0.232639 1 327 71 371
Scratch 0.310392 462 298 472 338
Scratch 0.312545 1 317 8 329
Scratch 0.313799 107 473 111 480
Scratch 0.36961 1 321 65 345
Scratch 0.403263 535 445 542 501
Scratch 0.411498 263 626 274 640
Scratch 0.423332 608 586 617 640
Scratch 0.428901 161 45 184 50
Scratch 0.434657 532 109 634 120
Scratch 0.451996 396 326 405 336
Scratch 0.512683 1 334 65 348
Scratch 0.524143 1 350 73 368
Scratch 0.527086 622 1 639 36
Scratch 0.548314 1 156 73 169
Scratch 0.59428 98 508 103 521
Scratch 0.595062 2 344 66 357
Scratch 0.637652 430 413 442 432
Scratch 0.641935 57 215 76 351
Scratch 0.691185 2 396 46 404
Scratch 0.765007 54 87 164 206
Scratch 0.765781 363 510 387 572
Scratch 0.768018 459 147 501 170
Scratch 0.809899 572 238 582 332
Scratch 0.819484 206 346 219 355
Scratch 0.825654 165 382 176 404
Scratch 0.827918 8 225 24 312
Scratch 0.848174 493 377 589 393
Scratch 0.856719 121 559 229 583
Scratch 0.875665 2 179 82 219
Scratch 0.879932 74 448 91 474
Scratch 0.885347 146 233 167 341
Scratch 0.896464 177 470 247 496
Scratch 0.900734 494 48 532 94
Scratch 0.909487 501 2 589 104
Scratch 0.916809 1 504 77 569
Scratch 0.917329 191 63 283 174
Scratch 0.920223 578 489 639 568
Scratch 0.924753 166 259 260 299
Scratch 0.943486 311 132 349 226
Scratch 0.953501 278 357 367 400
Scratch 0.964302 63 49 141 91
