Scratch 0.14873 258 71 266 78
Scratch 0.191366 502 1 511 11
Scratch 0.197825 539 341 638 473
Scratch 0.325816 96 12 128 104
Scratch 0.617368 364 316 372 322
Scratch 0.701112 24 535 43 605
Scratch 0.718606 379 321 386 329
Scratch 0.726563 218 100 246 161
Scratch 0.736482 380 260 385 270
Scratch 0.759302 383 128 450 210
Scratch 0.764358 65 59 80 101
Scratch 0.803424 106 567 172 641
Scratch 0.804422 502 456 639 490
Scratch 0.82409 328 163 337 226
Scratch 0.847121 318 461 340 481
Scratch 0.850947 474 102 544 215
Scratch 0.869186 322 455 471 482
Scratch 0.872529 458 71 471 98
Scratch 0.891582 225 11 341 40
Scratch 0.893414 114 187 191 314
Scratch 0.893475 409 339 525 362
Scratch 0.897524 125 329 173 384
Scratch 0.904895 67 55 130 107
Scratch 0.919553 170 511 220 594
Scratch 0.923817 505 211 629 319
Scratch 0.936414 192 396 262 522
Scratch 0.940841 18 246 76 404
