Scratch 0.174837 132 632 138 641
Scratch 0.25191 276 345 280 353
Scratch 0.36724 519 558 550 627
Scratch 0.53785 598 36 620 114
Scratch 0.651605 271 319 278 326
Scratch 0.769063 302 162 323 179
Scratch 0.781022 256 371 261 382
Scratch 0.784348 256 313 262 320
Scratch 0.804749 562 538 578 587
Scratch 0.809568 305 415 313 479
Scratch 0.843535 171 541 182 571
Scratch 0.85521 11 150 142 187
Scratch 0.867784 169 159 324 186
Scratch 0.875245 474 1 536 73
Scratch 0.880597 8 315 138 431
Scratch 0.887791 395 481 422 537
Scratch 0.888597 453 325 528 452
Scratch 0.892651 301 600 416 626
Scratch 0.896355 188 433 258 513
Scratch 0.901464 115 279 231 302
Scratch 0.911037 465 258 516 319
Scratch 0.92003 421 44 469 126
Scratch 0.92249 513 536 576 589
Scratch 0.924894 374 115 448 247
Scratch 0.926266 565 238 625 400
Scratch 0.931397 92 430 166 544
