Scratch 0.146335 399 146 474 232
Scratch 0.38638 566 273 576 279
Scratch 0.421767 258 1 300 9
Scratch 0.567903 473 9 636 33
Scratch 0.606099 541 430 553 436
Scratch 0.684881 396 609 409 640
Scratch 0.702907 210 16 268 22
Scratch 0.734086 344 1 389 23
Scratch 0.849376 589 557 624 568
Scratch 0.850762 542 95 620 113
Scratch 0.884609 532 142 634 163
Scratch 0.892726 439 531 463 574
Scratch 0.910162 399 128 583 226
Scratch 0.910667 401 2 429 88
Scratch 0.911275 251 532 409 641
Scratch 0.913877 277 237 297 357
Scratch 0.927195 561 255 609 351
Scratch 0.935252 218 88 327 166
Scratch 0.943072 497 1 543 161
Scratch 0.946964 363 132 406 206
Scratch 0.956878 434 383 524 435
Scratch 0.973543 359 266 483 356
