Scratch 0.107187 170 154 182 163
Scratch 0.131368 345 327 368 339
Scratch 0.147522 622 423 640 495
Scratch 0.179565 625 146 636 279
Scratch 0.181159 109 144 189 161
Scratch 0.193382 622 164 640 246
Scratch 0.193647 152 116 201 133
Scratch 0.215281 614 130 631 300
Scratch 0.232055 168 103 177 114
Scratch 0.260967 382 117 436 131
Scratch 0.278735 405 95 433 118
Scratch 0.281279 432 83 437 121
Scratch 0.404822 276 2 285 66
Scratch 0.591581 259 335 266 391
Scratch 0.75134 552 380 574 401
Scratch 0.787263 411 610 450 640
Scratch 0.794155 513 370 529 391
Scratch 0.802682 490 348 512 362
Scratch 0.830893 276 225 350 327
Scratch 0.843856 360 1 474 41
Scratch 0.858243 603 123 623 315
Scratch 0.90077 372 501 404 545
Scratch 0.901069 1 11 115 125
Scratch 0.906985 73 209 233 280
Scratch 0.91423 1 128 91 209
Scratch 0.920571 271 428 383 638
Scratch 0.92726 121 264 213 346
Scratch 0.954181 374 452 571 620
