Scratch 0.100522 628 266 641 280
Scratch 0.107916 616 80 630 105
Scratch 0.145197 606 233 620 263
Scratch 0.175237 618 170 636 187
Scratch 0.187475 599 157 618 184
Scratch 0.210641 171 1 202 20
Scratch 0.232099 629 303 640 331
Scratch 0.246238 101 566 168 640
Scratch 0.248558 614 386 632 419
Scratch 0.261747 581 198 596 219
Scratch 0.272614 617 469 637 497
Scratch 0.310728 595 79 607 106
Scratch 0.311321 612 315 624 342
Scratch 0.31381 34 425 131 436
Scratch 0.368731 626 273 640 304
Scratch 0.443668 502 172 508 225
Scratch 0.545455 1 82 21 108
Scratch 0.547943 582 157 595 185
Scratch 0.551755 592 40 604 66
Scratch 0.571417 619 154 634 184
Scratch 0.627119 623 234 639 263
Scratch 0.636187 143 154 170 199
Scratch 0.666267 169 1 235 23
Scratch 0.806028 4 444 35 510
Scratch 0.821017 283 189 310 244
Scratch 0.856334 425 1 497 47
Scratch 0.869999 262 30 403 47
Scratch 0.881175 368 477 429 560
Scratch 0.910946 59 95 83 282
Scratch 0.948194 259 394 355 503
Scratch 0.949914 124 257 217 321
Scratch 0.952163 341 87 449 150
Scratch 0.955496 260 299 373 403
Scratch 0.960074 455 309 510 409
