Scratch 0.101425 301 601 324 637
Scratch 0.102647 286 325 290 347
Scratch 0.10283 439 471 603 486
Scratch 0.103843 7 109 22 128
Scratch 0.10469 14 275 31 306
Scratch 0.109378 57 582 97 619
Scratch 0.127287 10 108 38 142
Scratch 0.132287 1 352 9 381
Scratch 0.13317 1 196 7 222
Scratch 0.150184 609 558 633 588
Scratch 0.158535 7 111 24 143
Scratch 0.16089 3 435 22 463
Scratch 0.176577 629 599 640 626
Scratch 0.205227 1 407 6 423
Scratch 0.210166 17 430 39 459
Scratch 0.222839 418 149 424 225
Scratch 0.231512 1 237 8 260
Scratch 0.252475 2 30 19 63
Scratch 0.257429 1 279 9 307
Scratch 0.259678 1 552 13 573
Scratch 0.260817 2 590 11 615
Scratch 0.281326 42 587 56 613
Scratch 0.282661 32 272 53 302
Scratch 0.287724 6 70 22 107
Scratch 0.296041 118 608 147 634
Scratch 0.296253 581 601 604 631
Scratch 0.314272 34 385 54 416
Scratch 0.317346 34 467 51 490
Scratch 0.32235 1 433 11 460
Scratch 0.378666 1 512 13 542
Scratch 0.385464 1 299 12 322
Scratch 0.432928 3 2 21 28
Scratch 0.438899 81 622 101 640
Scratch 0.449234 11 471 31 498
Scratch 0.451156 1 476 11 504
Scratch 0.467535 610 600 640 633
Scratch 0.478352 1 319 11 346
Scratch 0.483712 530 476 640 493
Scratch 0.533537 32 236 51 265
Scratch 0.544565 31 348 52 382
Scratch 0.554326 34 428 52 457
Scratch 0.617904 13 509 31 540
Scratch 0.66452 99 615 118 638
Scratch 0.666666 15 235 33 266
Scratch 0.702732 35 311 52 339
Scratch 0.712411 452 1 526 25
Scratch 0.714083 25 107 42 143
Scratch 0.733929 61 583 77 611
Scratch 0.768644 129 455 160 474
Scratch 0.784093 545 246 613 331
Scratch 0.786348 12 431 29 462
Scratch 0.837503 156 1 238 71
Scratch 0.890235 246 243 388 262
Scratch 0.891696 449 408 596 441
Scratch 0.892403 565 2 592 195
Scratch 0.893807 305 435 333 478
Scratch 0.91595 191 137 287 189
Scratch 0.92964 81 385 192 437
Scratch 0.931827 391 266 479 348
Scratch 0.953774 372 405 424 481
