Scratch 0.116836 2 590 66 640
Scratch 0.118388 317 1 437 29
Scratch 0.152798 1 617 74 640
Scratch 0.229037 625 232 641 258
Scratch 0.249296 1 562 25 640
Scratch 0.397954 130 2 175 27
Scratch 0.449859 142 1 171 18
Scratch 0.511241 1 1 198 51
Scratch 0.581755 29 357 37 445
Scratch 0.629937 102 1 252 109
Scratch 0.641488 110 5 191 50
Scratch 0.644238 1 568 64 617
Scratch 0.83645 33 179 104 191
Scratch 0.857168 100 313 109 433
Scratch 0.870733 180 154 196 207
Scratch 0.919952 304 394 329 452
Scratch 0.930287 169 272 215 324
Scratch 0.941453 229 292 276 353
Scratch 0.941834 448 481 514 569
Scratch 0.95175 346 511 400 623
Scratch 0.953942 185 526 259 579
Scratch 0.95527 400 251 449 381
Scratch 0.955481 329 42 399 206
