Scratch 0.118977 1 1 77 13
Scratch 0.142186 632 274 641 407
Scratch 0.150633 160 432 173 440
Scratch 0.211096 1 202 41 400
Scratch 0.388027 628 279 641 350
Scratch 0.409806 495 181 510 192
Scratch 0.423482 587 566 623 640
Scratch 0.484408 27 511 43 546
Scratch 0.513781 232 619 282 641
Scratch 0.634297 145 331 152 347
Scratch 0.692639 3 511 41 577
Scratch 0.709432 589 566 608 627
Scratch 0.778356 1 508 25 553
Scratch 0.778585 130 353 140 368
Scratch 0.793891 485 1 575 53
Scratch 0.801626 223 429 242 448
Scratch 0.80677 519 438 530 544
Scratch 0.824776 106 405 112 427
Scratch 0.82785 103 601 135 621
Scratch 0.828514 105 18 124 69
Scratch 0.861788 30 576 55 610
Scratch 0.87538 377 21 481 62
Scratch 0.881362 491 61 522 120
Scratch 0.89489 41 286 73 400
Scratch 0.898403 186 499 218 581
Scratch 0.906511 393 346 412 444
Scratch 0.909907 352 275 389 323
Scratch 0.92026 207 186 239 220
Scratch 0.922187 349 116 405 158
Scratch 0.924425 179 310 206 415
Scratch 0.927946 433 250 461 360
Scratch 0.928013 308 454 353 498
Scratch 0.938651 289 173 332 257
Scratch 0.939751 487 352 547 416
Scratch 0.94495 225 50 296 142
Scratch 0.954314 8 134 92 196
Scratch 0.956718 442 231 511 262
