Scratch 0.125679 31 1 259 37
Scratch 0.144667 212 321 224 344
Scratch 0.215521 1 162 21 236
Scratch 0.28488 297 561 349 616
Scratch 0.516064 596 606 620 640
Scratch 0.555417 172 267 177 294
Scratch 0.579683 153 1 257 35
Scratch 0.607965 1 275 16 330
Scratch 0.726522 164 181 170 232
Scratch 0.779964 226 364 240 466
Scratch 0.790223 251 497 266 641
Scratch 0.804215 1 219 25 274
Scratch 0.814724 277 566 348 586
Scratch 0.841652 214 179 275 219
Scratch 0.848097 240 365 258 412
Scratch 0.861935 159 544 174 614
Scratch 0.870155 386 266 420 312
Scratch 0.888393 1 419 99 474
Scratch 0.889617 558 480 580 590
Scratch 0.889818 58 177 120 324
Scratch 0.890942 354 388 376 429
Scratch 0.897114 542 75 579 175
Scratch 0.897335 531 300 555 474
Scratch 0.915962 567 528 627 609
Scratch 0.918954 195 366 226 459
Scratch 0.929854 374 452 426 617
Scratch 0.9365 301 225 369 368
Scratch 0.937133 23 505 123 604
Scratch 0.956355 356 298 464 347
