Scratch 0.136988 201 248 208 254
Scratch 0.1716 293 396 311 405
Scratch 0.464236 110 503 187 558
Scratch 0.491221 413 291 489 302
Scratch 0.600649 560 567 577 641
Scratch 0.628944 597 290 640 302
Scratch 0.803596 593 472 609 497
Scratch 0.852831 396 73 457 120
Scratch 0.856976 381 493 484 513
Scratch 0.862091 183 217 206 229
Scratch 0.869036 483 156 594 242
Scratch 0.870674 32 345 84 372
Scratch 0.882056 299 248 403 321
Scratch 0.900061 323 44 462 118
Scratch 0.919484 45 167 74 251
Scratch 0.939067 346 439 428 490
Scratch 0.941236 163 314 261 391
Scratch 0.954099 67 54 203 120
