Scratch 0.11105 47 547 71 627
Scratch 0.114047 69 612 105 641
Scratch 0.128647 1 560 27 636
Scratch 0.151975 239 560 250 577
Scratch 0.228698 15 553 68 641
Scratch 0.318803 615 347 641 619
Scratch 0.476073 321 285 328 304
Scratch 0.521963 433 593 449 605
Scratch 0.584491 9 578 43 639
Scratch 0.696774 82 585 111 640
Scratch 0.747262 34 540 61 636
Scratch 0.787563 432 46 482 74
Scratch 0.790777 388 103 466 125
Scratch 0.805441 1 200 61 245
Scratch 0.807242 137 18 241 110
Scratch 0.818114 271 28 347 76
Scratch 0.818527 154 603 196 626
Scratch 0.820747 152 160 205 197
Scratch 0.832515 311 362 382 419
Scratch 0.836571 459 194 539 252
Scratch 0.840495 59 541 83 632
Scratch 0.859383 388 241 412 365
Scratch 0.86397 259 535 351 641
Scratch 0.86694 36 53 56 113
Scratch 0.874236 257 104 280 180
Scratch 0.877899 227 460 254 557
Scratch 0.898073 43 315 72 447
Scratch 0.90056 582 81 623 144
Scratch 0.900686 517 280 559 385
Scratch 0.91003 175 287 202 403
Scratch 0.927152 316 189 366 232
Scratch 0.934345 385 133 449 233
