Scratch 0.10371 294 7 304 34
Scratch 0.105489 8 455 63 467
Scratch 0.108424 622 558 640 588
Scratch 0.109814 1 366 57 392
Scratch 0.12205 289 1 301 23
Scratch 0.142069 623 299 639 318
Scratch 0.147634 600 312 618 341
Scratch 0.157139 582 4 603 28
Scratch 0.168609 2 374 80 396
Scratch 0.198966 577 40 603 72
Scratch 0.258482 471 1 489 11
Scratch 0.287352 274 570 282 623
Scratch 0.301753 622 280 635 301
Scratch 0.306544 596 115 610 143
Scratch 0.311313 593 139 640 159
Scratch 0.324786 602 238 619 266
Scratch 0.373266 305 389 375 404
Scratch 0.427857 574 8 587 30
Scratch 0.440139 301 33 340 44
Scratch 0.449929 304 4 334 41
Scratch 0.515202 158 529 184 540
Scratch 0.639354 318 31 492 43
Scratch 0.639851 627 41 639 64
Scratch 0.641346 102 613 115 641
Scratch 0.681483 593 4 609 25
Scratch 0.689941 234 446 320 460
Scratch 0.741522 456 526 474 535
Scratch 0.746359 573 43 588 74
Scratch 0.758555 629 80 640 106
Scratch 0.765058 404 161 441 175
Scratch 0.796617 1 560 33 606
Scratch 0.841761 75 201 199 256
Scratch 0.878835 595 38 610 67
Scratch 0.895509 596 79 610 106
Scratch 0.899557 323 486 371 539
Scratch 0.907811 457 374 537 387
Scratch 0.92158 77 54 156 91
Scratch 0.934887 445 33 515 165
