Scratch 0.136893 414 404 428 428
Scratch 0.142182 434 402 446 418
Scratch 0.301966 225 284 233 300
Scratch 0.311561 214 1 328 45
Scratch 0.583807 408 1 428 64
Scratch 0.596542 469 174 477 187
Scratch 0.685168 226 242 236 256
Scratch 0.701353 436 1 458 89
Scratch 0.724631 296 376 305 389
Scratch 0.743534 202 89 219 189
Scratch 0.787169 198 360 206 381
Scratch 0.802433 344 254 356 275
Scratch 0.854512 1 226 64 267
Scratch 0.861112 375 192 399 226
Scratch 0.868661 1 2 47 68
Scratch 0.894768 257 421 276 449
Scratch 0.90986 2 506 131 536
Scratch 0.913442 112 1 172 184
Scratch 0.926456 281 300 315 362
Scratch 0.93444 372 129 417 183
Scratch 0.937621 350 87 455 162
Scratch 0.947607 81 126 137 312
Scratch 0.967648 291 129 339 281
