Scratch 0.108198 614 460 619 470
Scratch 0.125156 522 47 550 58
Scratch 0.134461 227 622 325 640
Scratch 0.161637 229 625 249 640
Scratch 0.167236 609 242 640 296
Scratch 0.176385 428 302 434 316
Scratch 0.241552 318 366 328 370
Scratch 0.262274 496 25 574 65
Scratch 0.269584 518 321 528 375
Scratch 0.412649 628 442 641 458
Scratch 0.477484 227 624 271 641
Scratch 0.482788 509 37 589 60
Scratch 0.563088 170 460 182 554
Scratch 0.655238 585 237 640 267
Scratch 0.700549 608 187 641 211
Scratch 0.709694 613 273 640 301
Scratch 0.735307 605 374 616 416
Scratch 0.75567 20 115 173 206
Scratch 0.814731 207 150 234 163
Scratch 0.820501 5 559 33 641
Scratch 0.828235 571 69 599 177
Scratch 0.828619 494 457 559 473
Scratch 0.837028 349 1 433 75
Scratch 0.844349 280 532 305 604
Scratch 0.845468 490 4 546 74
Scratch 0.845613 222 449 302 467
Scratch 0.862785 328 68 342 196
Scratch 0.864765 5 140 35 217
Scratch 0.870466 585 203 640 243
Scratch 0.875417 532 92 580 238
Scratch 0.877252 21 282 50 383
Scratch 0.879613 49 298 73 382
Scratch 0.882666 128 1 149 133
Scratch 0.885257 281 325 295 372
Scratch 0.885333 80 469 101 596
Scratch 0.895997 548 528 618 598
Scratch 0.896352 419 549 443 637
Scratch 0.898008 407 198 494 224
Scratch 0.899015 469 137 504 244
Scratch 0.925709 370 363 452 394
Scratch 0.937372 184 290 217 404
