Scratch 0.103658 423 196 466 282
Scratch 0.147667 545 183 629 190
Scratch 0.16716 385 360 469 369
Scratch 0.207957 135 231 150 327
Scratch 0.311353 138 220 152 366
Scratch 0.345513 76 269 90 275
Scratch 0.413099 11 626 34 639
Scratch 0.496002 203 1 242 80
Scratch 0.532085 214 1 248 43
Scratch 0.559931 67 325 74 340
Scratch 0.638534 124 428 173 441
Scratch 0.658825 601 31 641 45
Scratch 0.744449 2 436 158 464
Scratch 0.785248 486 372 508 417
Scratch 0.795424 246 363 291 426
Scratch 0.800371 5 173 56 396
Scratch 0.807118 120 228 145 518
Scratch 0.809192 601 305 609 429
Scratch 0.825098 62 1 116 75
Scratch 0.838441 514 208 531 256
Scratch 0.851022 557 110 633 184
Scratch 0.856894 167 414 222 456
Scratch 0.892683 154 241 171 351
Scratch 0.950889 343 378 439 492
