Scratch 0.114496 531 1 629 13
Scratch 0.117513 539 9 550 22
Scratch 0.129949 565 1 641 9
Scratch 0.184833 525 1 601 21
Scratch 0.192188 304 507 341 518
Scratch 0.201636 547 388 641 397
Scratch 0.350594 444 610 458 640
Scratch 0.663032 340 1 454 18
Scratch 0.685979 562 110 640 119
Scratch 0.686337 556 503 637 555
Scratch 0.717911 192 132 205 157
Scratch 0.732958 339 283 439 302
Scratch 0.743232 555 155 591 231
Scratch 0.796352 346 197 471 208
Scratch 0.807618 545 282 641 324
Scratch 0.816788 101 83 187 103
Scratch 0.840901 166 1 196 38
Scratch 0.84293 72 347 92 390
Scratch 0.850568 247 494 331 527
Scratch 0.87123 484 43 581 77
Scratch 0.872726 317 369 405 397
Scratch 0.898946 441 447 505 486
Scratch 0.9255 89 232 141 298
Scratch 0.931262 128 513 208 552
Scratch 0.932465 287 1 375 109
Scratch 0.951052 189 165 297 289
