Scratch 0.105252 181 294 216 316
Scratch 0.119012 463 462 470 471
Scratch 0.14547 432 413 480 424
Scratch 0.149521 469 1 489 7
Scratch 0.19797 172 1 194 18
Scratch 0.223422 129 283 205 295
Scratch 0.2267 49 27 145 75
Scratch 0.250059 132 297 214 309
Scratch 0.269119 172 1 182 19
Scratch 0.280353 52 497 60 637
Scratch 0.308289 514 39 524 51
Scratch 0.42558 365 562 467 607
Scratch 0.545166 152 293 226 312
Scratch 0.568118 129 276 209 290
Scratch 0.61176 601 225 613 252
Scratch 0.613449 22 1 126 75
Scratch 0.666587 194 162 215 287
Scratch 0.685102 188 41 285 188
Scratch 0.689386 157 335 199 343
Scratch 0.770364 255 436 274 454
Scratch 0.770799 224 381 248 411
Scratch 0.810635 282 489 391 511
Scratch 0.817862 149 172 168 258
Scratch 0.826701 306 316 324 341
Scratch 0.842262 67 48 147 69
Scratch 0.859015 284 175 302 281
Scratch 0.866968 77 554 96 616
Scratch 0.874061 516 430 550 492
Scratch 0.90349 46 128 218 177
Scratch 0.906465 329 398 399 427
Scratch 0.908989 39 386 91 435
Scratch 0.915329 421 282 509 331
Scratch 0.917331 303 189 395 240
Scratch 0.920913 25 264 157 366
Scratch 0.936261 56 442 238 510
Scratch 0.93736 431 71 478 155
Scratch 0.937568 192 8 261 47
Scratch 0.966811 316 3 405 117
