Scratch 0.122684 3 445 18 476
Scratch 0.129376 5 376 21 433
Scratch 0.129446 66 122 82 150
Scratch 0.13144 4 462 17 479
Scratch 0.135956 353 557 400 572
Scratch 0.145573 3 299 19 319
Scratch 0.15007 4 51 36 76
Scratch 0.161367 252 600 374 617
Scratch 0.163183 486 603 511 610
Scratch 0.170301 5 364 21 396
Scratch 0.172435 2 261 22 316
Scratch 0.186454 3 162 17 187
Scratch 0.199749 176 454 201 476
Scratch 0.218461 4 192 14 204
Scratch 0.220836 6 482 17 504
Scratch 0.221285 95 350 110 356
Scratch 0.231262 135 597 431 620
Scratch 0.247126 541 543 596 567
Scratch 0.251493 2 207 19 263
Scratch 0.258455 307 621 347 636
Scratch 0.324039 45 239 59 273
Scratch 0.339719 237 241 253 285
Scratch 0.356752 2 128 18 160
Scratch 0.357046 41 44 58 76
Scratch 0.37199 4 124 18 144
Scratch 0.37408 4 323 19 362
Scratch 0.381286 3 281 21 304
Scratch 0.457299 2 240 21 276
Scratch 0.464362 309 621 393 640
Scratch 0.488037 6 404 19 429
Scratch 0.491012 442 604 510 617
Scratch 0.543634 45 160 60 189
Scratch 0.566771 202 454 207 464
Scratch 0.572408 2 46 17 76
Scratch 0.578239 178 466 198 476
Scratch 0.579885 368 393 374 432
Scratch 0.591568 616 374 641 452
Scratch 0.594767 43 83 59 114
Scratch 0.613299 222 290 228 300
Scratch 0.657214 43 120 60 153
Scratch 0.665171 4 526 18 556
Scratch 0.686661 4 209 20 233
Scratch 0.710124 2 80 18 118
Scratch 0.710732 191 310 214 323
Scratch 0.721797 44 201 60 233
Scratch 0.725834 350 564 383 576
Scratch 0.770992 212 214 266 296
Scratch 0.777234 44 281 60 317
Scratch 0.793312 376 150 446 207
Scratch 0.795057 170 71 214 163
Scratch 0.799437 336 544 432 566
Scratch 0.825289 466 471 490 482
Scratch 0.834915 115 616 191 629
Scratch 0.843241 535 310 546 400
Scratch 0.912621 247 1 311 81
Scratch 0.953263 283 454 347 512
