Scratch 0.106943 220 193 462 217
Scratch 0.116575 465 479 472 490
Scratch 0.118957 528 629 562 640
Scratch 0.12243 256 3 293 121
Scratch 0.125273 1 468 16 498
Scratch 0.140698 7 207 377 243
Scratch 0.146012 11 9 22 24
Scratch 0.158214 256 302 266 307
Scratch 0.172033 216 198 373 215
Scratch 0.173269 5 215 153 241
Scratch 0.182868 78 144 84 180
Scratch 0.188886 155 216 182 225
Scratch 0.193125 96 226 109 230
Scratch 0.196277 164 9 172 37
Scratch 0.24142 4 617 14 641
Scratch 0.285538 1 484 15 498
Scratch 0.317957 100 25 144 35
Scratch 0.402485 438 597 443 620
Scratch 0.443123 64 11 93 18
Scratch 0.488497 598 349 615 371
Scratch 0.517517 413 440 419 493
Scratch 0.59919 98 547 106 641
Scratch 0.632245 531 15 590 35
Scratch 0.652993 100 26 226 45
Scratch 0.688212 260 56 285 121
Scratch 0.720592 1 21 39 73
Scratch 0.740213 280 54 312 150
Scratch 0.759203 177 214 216 227
Scratch 0.762056 24 485 46 497
Scratch 0.783163 206 159 220 218
Scratch 0.796623 71 322 81 428
Scratch 0.806243 23 456 45 465
Scratch 0.822634 390 250 420 276
Scratch 0.871613 53 148 80 177
Scratch 0.876995 48 505 98 529
Scratch 0.886689 187 330 229 395
Scratch 0.894177 155 481 221 616
Scratch 0.903646 55 438 79 496
Scratch 0.904857 503 215 530 343
Scratch 0.914155 328 548 397 574
Scratch 0.92212 317 4 401 202
Scratch 0.928814 567 380 641 438
Scratch 0.948355 540 124 622 272
Scratch 0.958038 493 522 563 578
