Scratch 0.103391 65 1 123 12
Scratch 0.106257 335 396 345 400
Scratch 0.144225 542 584 598 641
Scratch 0.146822 128 113 214 124
Scratch 0.162687 442 247 460 287
Scratch 0.19188 2 1 26 73
Scratch 0.264756 300 616 346 637
Scratch 0.29971 4 133 35 197
Scratch 0.306675 111 94 203 114
Scratch 0.37984 115 103 190 115
Scratch 0.39043 421 545 637 592
Scratch 0.404008 109 93 193 241
Scratch 0.432489 100 1 121 12
Scratch 0.434549 2 155 27 175
Scratch 0.593142 145 59 192 67
Scratch 0.595792 108 90 194 104
Scratch 0.652652 107 97 130 249
Scratch 0.687639 162 158 182 243
Scratch 0.699339 124 106 210 120
Scratch 0.755435 16 116 41 222
Scratch 0.778994 18 51 28 77
Scratch 0.785999 264 1 309 21
Scratch 0.791312 15 202 139 376
Scratch 0.844626 184 523 197 583
Scratch 0.856473 331 127 385 191
Scratch 0.871687 280 535 361 577
Scratch 0.884132 295 417 350 449
Scratch 0.895127 214 486 231 608
Scratch 0.902736 182 1 448 144
Scratch 0.903613 92 246 222 283
Scratch 0.911783 159 356 247 389
Scratch 0.921426 279 502 347 531
Scratch 0.921863 341 345 437 372
Scratch 0.922954 313 245 400 300
Scratch 0.932809 410 75 459 211
Scratch 0.940265 29 375 113 411
Scratch 0.941732 45 455 143 559
