Scratch 0.118371 5 123 27 130
Scratch 0.185482 1 481 21 587
Scratch 0.187492 443 1 519 19
Scratch 0.198009 439 1 554 35
Scratch 0.23313 589 557 641 596
Scratch 0.255049 179 231 191 245
Scratch 0.301353 620 321 641 352
Scratch 0.319467 441 1 616 57
Scratch 0.325793 45 619 187 641
Scratch 0.385055 409 264 440 342
Scratch 0.452061 560 577 606 596
Scratch 0.473079 564 573 641 600
Scratch 0.493578 2 16 32 161
Scratch 0.532268 1 220 21 246
Scratch 0.569306 39 120 86 129
Scratch 0.740968 1 465 23 528
Scratch 0.75664 193 62 205 128
Scratch 0.788413 441 448 456 465
Scratch 0.805223 500 516 582 545
Scratch 0.8109 2 189 82 224
Scratch 0.829248 114 313 127 405
Scratch 0.830246 202 305 222 369
Scratch 0.83145 469 285 493 360
Scratch 0.835476 352 561 434 588
Scratch 0.842433 136 494 210 506
Scratch 0.846578 325 221 387 285
Scratch 0.94714 538 134 579 200
Scratch 0.949222 314 365 362 432
Scratch 0.950683 317 459 397 521
