Scratch 0.119268 117 1 140 9
Scratch 0.123094 633 336 640 410
Scratch 0.124904 202 418 220 436
Scratch 0.130557 202 143 215 169
Scratch 0.143018 92 315 214 327
Scratch 0.153968 200 153 218 177
Scratch 0.16681 387 565 399 576
Scratch 0.174228 133 602 303 639
Scratch 0.198128 125 631 141 641
Scratch 0.250723 608 262 641 284
Scratch 0.293078 599 1 638 13
Scratch 0.350732 115 1 126 10
Scratch 0.353611 112 277 172 296
Scratch 0.47661 233 609 297 641
Scratch 0.48858 143 279 159 299
Scratch 0.489552 517 595 533 637
Scratch 0.507252 376 404 382 417
Scratch 0.523521 374 386 426 403
Scratch 0.556854 59 314 115 400
Scratch 0.623067 524 316 530 329
Scratch 0.651093 449 20 460 37
Scratch 0.685025 29 535 58 598
Scratch 0.709447 79 262 162 275
Scratch 0.714521 43 112 167 165
Scratch 0.717789 536 197 549 232
Scratch 0.729881 136 1 226 37
Scratch 0.741343 207 416 226 433
Scratch 0.786173 145 149 167 277
Scratch 0.799102 557 408 641 469
Scratch 0.83421 233 161 248 265
Scratch 0.835099 21 40 97 56
Scratch 0.837752 256 299 270 322
Scratch 0.857081 176 366 197 392
Scratch 0.865548 583 515 607 566
Scratch 0.866511 230 468 339 485
Scratch 0.868413 5 248 109 330
Scratch 0.877272 311 538 407 579
Scratch 0.879922 98 158 116 240
Scratch 0.880769 129 25 225 201
Scratch 0.88186 248 167 348 222
Scratch 0.881948 366 261 450 312
Scratch 0.885508 278 377 347 404
Scratch 0.902661 34 415 192 487
Scratch 0.902863 456 405 494 467
Scratch 0.924682 259 1 347 102
Scratch 0.947618 371 55 418 137
