Scratch 0.168095 615 633 631 640
Scratch 0.184725 45 71 80 83
Scratch 0.222781 619 398 641 440
Scratch 0.280441 1 471 17 485
Scratch 0.34131 617 396 640 492
Scratch 0.420646 452 125 586 133
Scratch 0.504435 376 593 469 612
Scratch 0.538031 620 401 641 420
Scratch 0.576949 123 621 247 641
Scratch 0.705432 139 254 231 263
Scratch 0.721975 499 506 518 631
Scratch 0.732116 251 90 313 104
Scratch 0.745953 429 49 541 59
Scratch 0.811998 144 404 278 498
Scratch 0.820645 40 50 82 73
Scratch 0.83927 589 562 617 572
Scratch 0.883673 446 191 616 206
Scratch 0.904373 101 2 245 70
Scratch 0.906857 307 306 413 372
Scratch 0.911172 180 539 358 631
Scratch 0.912318 285 529 477 573
Scratch 0.915687 140 300 238 390
Scratch 0.940188 237 118 397 208
Scratch 0.953098 343 393 467 472
