Scratch 0.152041 617 622 640 640
Scratch 0.1684 7 364 27 373
Scratch 0.17547 69 306 80 332
Scratch 0.246645 49 521 60 593
Scratch 0.250212 2 207 82 246
Scratch 0.317999 372 409 460 533
Scratch 0.356715 137 441 144 512
Scratch 0.39386 245 259 251 271
Scratch 0.464985 70 305 75 328
Scratch 0.533096 74 615 103 622
Scratch 0.627103 602 369 639 429
Scratch 0.684698 410 497 420 633
Scratch 0.699562 44 593 61 640
Scratch 0.720185 57 140 125 153
Scratch 0.721754 610 589 640 641
Scratch 0.731982 1 177 74 185
Scratch 0.762822 49 543 61 578
Scratch 0.78433 506 581 547 640
Scratch 0.80503 125 213 197 237
Scratch 0.807257 159 589 239 641
Scratch 0.839491 46 478 63 584
Scratch 0.876682 70 306 99 332
Scratch 0.877349 241 317 383 641
Scratch 0.951793 473 294 572 476
