Scratch 0.108676 229 610 235 615
Scratch 0.115582 302 273 323 305
Scratch 0.116561 431 99 514 178
Scratch 0.17421 365 2 375 86
Scratch 0.238545 423 137 499 171
Scratch 0.249465 568 119 632 182
Scratch 0.626705 604 54 641 120
Scratch 0.724812 548 397 557 420
Scratch 0.74007 527 355 534 381
Scratch 0.748759 419 151 498 163
Scratch 0.841859 432 300 509 313
Scratch 0.860194 341 559 575 641
Scratch 0.862308 547 355 559 390
Scratch 0.883252 564 289 585 356
Scratch 0.889654 389 391 469 422
Scratch 0.90253 212 78 237 236
Scratch 0.913976 169 214 193 304
Scratch 0.916775 309 95 371 169
Scratch 0.921502 207 320 238 406
Scratch 0.967267 470 452 570 558
