Scratch 0.104936 586 1 607 13
Scratch 0.108659 280 398 286 419
Scratch 0.114842 633 136 640 157
Scratch 0.132205 623 201 634 224
Scratch 0.153444 488 433 494 493
Scratch 0.158532 155 210 163 267
Scratch 0.173763 166 236 208 318
Scratch 0.183563 145 318 153 332
Scratch 0.192787 625 399 640 450
Scratch 0.276901 622 124 639 245
Scratch 0.287961 176 629 188 641
Scratch 0.424172 3 621 31 640
Scratch 0.490494 347 373 354 413
Scratch 0.501691 30 1 51 21
Scratch 0.518975 574 322 582 408
Scratch 0.562021 438 130 447 195
Scratch 0.562403 205 287 232 319
Scratch 0.59212 329 438 352 459
Scratch 0.612943 511 296 519 305
Scratch 0.656819 368 1 382 25
Scratch 0.667897 548 83 564 159
Scratch 0.688257 409 43 424 90
Scratch 0.709099 430 431 442 527
Scratch 0.719898 127 405 139 425
Scratch 0.726843 155 1 210 13
Scratch 0.747619 410 402 430 438
Scratch 0.757244 629 201 641 255
Scratch 0.760797 296 345 306 361
Scratch 0.761248 467 257 495 317
Scratch 0.765823 81 1 108 40
Scratch 0.79383 348 195 358 234
Scratch 0.844763 538 251 560 278
Scratch 0.848267 157 236 199 278
Scratch 0.854836 413 152 444 193
Scratch 0.866939 298 249 316 289
Scratch 0.869328 176 409 213 437
Scratch 0.873384 271 432 285 485
Scratch 0.877445 376 398 397 464
Scratch 0.88334 166 68 208 162
Scratch 0.891558 325 308 365 329
Scratch 0.892402 563 579 582 634
Scratch 0.901864 220 306 264 350
Scratch 0.91653 586 165 630 239
Scratch 0.917768 431 257 462 309
Scratch 0.922836 221 127 245 195
Scratch 0.927281 301 1 348 85
Scratch 0.927848 29 411 59 458
Scratch 0.940855 1 300 89 422
