Scratch 0.119962 528 451 544 494
Scratch 0.126514 472 612 528 641
Scratch 0.137078 408 629 477 640
Scratch 0.146573 1 405 25 461
Scratch 0.164352 572 535 594 542
Scratch 0.185637 358 524 403 566
Scratch 0.197787 529 457 540 483
Scratch 0.23007 1 77 7 101
Scratch 0.281416 1 151 16 179
Scratch 0.295505 138 1 163 57
Scratch 0.40203 221 444 257 514
Scratch 0.429623 152 308 157 318
Scratch 0.465615 201 497 225 573
Scratch 0.504015 388 247 405 349
Scratch 0.520379 356 308 377 361
Scratch 0.575469 526 167 535 185
Scratch 0.57822 43 76 50 98
Scratch 0.625754 615 527 641 539
Scratch 0.646873 79 247 119 305
Scratch 0.661007 522 426 540 483
Scratch 0.682258 32 141 44 345
Scratch 0.780213 561 609 612 641
Scratch 0.795827 161 199 177 238
Scratch 0.826364 203 443 255 562
Scratch 0.852017 442 321 460 409
Scratch 0.883936 373 103 388 183
Scratch 0.909552 57 488 91 566
Scratch 0.918327 486 272 540 320
Scratch 0.941056 32 129 166 197
