Scratch 0.128581 124 337 129 349
Scratch 0.136098 5 392 35 561
Scratch 0.15746 586 617 635 640
Scratch 0.163967 286 227 292 274
Scratch 0.18973 404 629 474 641
Scratch 0.2026 10 415 21 438
Scratch 0.221361 410 324 435 354
Scratch 0.236686 143 593 150 629
Scratch 0.283611 145 268 168 385
Scratch 0.334948 336 277 345 293
Scratch 0.397651 196 449 202 516
Scratch 0.408533 1 388 23 522
Scratch 0.430901 148 149 154 213
Scratch 0.447227 609 1 640 19
Scratch 0.474096 435 626 490 640
Scratch 0.475845 452 1 461 13
Scratch 0.606336 1 197 17 244
Scratch 0.633389 255 613 275 641
Scratch 0.641183 1 384 13 442
Scratch 0.647855 80 491 94 558
Scratch 0.663274 146 319 172 389
Scratch 0.677575 287 178 310 203
Scratch 0.679343 504 218 518 238
Scratch 0.679676 58 234 67 312
Scratch 0.696799 284 391 292 450
Scratch 0.709604 523 601 562 641
Scratch 0.714934 216 550 230 603
Scratch 0.740332 200 110 210 204
Scratch 0.817536 277 311 316 334
Scratch 0.821379 443 364 483 402
Scratch 0.832544 502 533 540 576
Scratch 0.84543 327 354 342 392
Scratch 0.856134 56 4 77 64
Scratch 0.864354 195 444 227 486
Scratch 0.87173 210 200 236 245
Scratch 0.879509 431 482 475 575
Scratch 0.894669 427 203 463 235
Scratch 0.896834 178 332 208 384
Scratch 0.898489 377 292 416 334
Scratch 0.899425 356 154 369 210
Scratch 0.90218 244 174 266 243
Scratch 0.906106 13 400 57 474
Scratch 0.914836 396 445 420 517
Scratch 0.92677 292 557 342 640
Scratch 0.943689 583 186 611 230
Scratch 0.948455 552 215 641 342
