Scratch 0.119673 1 293 16 489
Scratch 0.151282 577 248 592 322
Scratch 0.164035 97 2 120 20
Scratch 0.197595 1 504 31 622
Scratch 0.290069 1 480 31 501
Scratch 0.320655 1 148 37 206
Scratch 0.539108 566 184 587 326
Scratch 0.658759 101 1 148 47
Scratch 0.666822 576 151 640 351
Scratch 0.671022 1 193 63 244
Scratch 0.730999 168 577 233 585
Scratch 0.734398 522 228 616 546
Scratch 0.82582 558 541 640 559
Scratch 0.850624 426 314 464 384
Scratch 0.878015 353 503 377 599
Scratch 0.896179 355 386 398 406
Scratch 0.901885 179 197 231 232
Scratch 0.914286 185 482 273 500
Scratch 0.925877 86 280 123 382
Scratch 0.932415 250 271 296 335
Scratch 0.942915 237 43 337 115
Scratch 0.945965 63 95 143 173
Scratch 0.951785 365 123 491 211
