Scratch 0.102912 207 28 222 134
Scratch 0.145612 322 322 420 340
Scratch 0.205573 1 1 47 30
Scratch 0.215765 328 183 338 190
Scratch 0.257458 174 353 195 377
Scratch 0.316815 75 204 82 213
Scratch 0.762534 55 420 110 436
Scratch 0.790633 23 42 44 55
Scratch 0.848469 199 20 217 134
Scratch 0.852729 1 153 31 224
Scratch 0.881281 138 384 168 429
Scratch 0.891026 91 548 141 597
Scratch 0.893996 186 515 260 535
Scratch 0.904125 129 255 192 289
Scratch 0.9134 233 433 329 520
Scratch 0.919505 365 118 401 195
Scratch 0.924803 383 464 426 492
Scratch 0.927481 101 66 132 136
Scratch 0.950355 85 479 169 526
Scratch 0.951769 270 102 315 203
Scratch 0.95946 346 51 422 91
