Scratch 0.107477 6 446 35 483
Scratch 0.111668 325 46 331 59
Scratch 0.153214 490 593 519 620
Scratch 0.170103 304 114 309 120
Scratch 0.211808 2 403 22 437
Scratch 0.248171 329 620 371 641
Scratch 0.513163 568 1 610 16
Scratch 0.540279 323 62 379 68
Scratch 0.611854 298 581 360 641
Scratch 0.650637 357 184 428 230
Scratch 0.692713 172 10 184 130
Scratch 0.772419 359 183 463 253
Scratch 0.815236 228 5 241 55
Scratch 0.827182 519 552 562 585
Scratch 0.900135 471 358 522 376
Scratch 0.904123 397 33 477 92
Scratch 0.918762 224 308 246 354
Scratch 0.933794 221 516 269 545
Scratch 0.936161 256 57 308 125
Scratch 0.937027 545 165 595 228
Scratch 0.960704 315 308 386 472
