Scratch 0.100365 619 92 635 109
Scratch 0.127093 145 129 452 156
Scratch 0.133333 337 211 356 290
Scratch 0.135914 548 117 638 124
Scratch 0.136728 586 1 640 29
Scratch 0.143026 542 101 579 193
Scratch 0.145433 512 76 549 94
Scratch 0.156318 30 41 152 161
Scratch 0.18418 148 320 173 353
Scratch 0.215481 8 197 18 209
Scratch 0.221831 628 64 641 77
Scratch 0.256978 1 216 18 240
Scratch 0.281728 24 163 37 175
Scratch 0.295542 1 217 17 269
Scratch 0.296995 3 201 26 233
Scratch 0.381821 82 275 156 351
Scratch 0.421333 317 193 360 289
Scratch 0.449471 252 439 297 475
Scratch 0.46867 207 252 349 294
Scratch 0.4957 614 95 628 109
Scratch 0.601735 43 235 60 243
Scratch 0.608074 462 508 468 548
Scratch 0.634861 7 198 34 220
Scratch 0.653576 215 403 231 429
Scratch 0.657557 77 250 273 347
Scratch 0.687852 377 221 388 264
Scratch 0.73018 600 143 641 163
Scratch 0.780855 215 214 299 235
Scratch 0.804634 234 374 279 463
Scratch 0.822083 480 326 500 346
Scratch 0.832122 218 354 320 372
Scratch 0.833001 358 376 384 393
Scratch 0.852874 534 352 560 464
Scratch 0.861064 426 294 456 316
Scratch 0.893859 33 79 115 155
Scratch 0.896309 478 592 538 621
Scratch 0.899562 443 402 470 471
Scratch 0.903491 305 55 429 223
Scratch 0.91787 85 125 108 213
Scratch 0.924026 482 134 550 302
Scratch 0.935623 170 111 219 283
Scratch 0.946847 47 255 86 329
Scratch 0.94851 327 492 374 584
Scratch 0.953749 428 104 477 158
Scratch 0.963513 47 383 158 471
Scratch 0.971227 115 500 197 549
