Scratch 0.337511 460 390 505 423
Scratch 0.343656 404 605 446 641
Scratch 0.428265 465 1 497 31
Scratch 0.431056 288 5 434 29
Scratch 0.455001 1 452 17 530
Scratch 0.459372 476 163 486 227
Scratch 0.475276 609 251 640 427
Scratch 0.500475 473 107 484 230
Scratch 0.569147 306 301 332 361
Scratch 0.720129 24 579 37 590
Scratch 0.802361 337 127 348 177
Scratch 0.814678 349 281 412 297
Scratch 0.816921 98 319 172 335
Scratch 0.869676 259 277 299 373
Scratch 0.871866 110 590 200 608
Scratch 0.873522 270 194 336 243
Scratch 0.875743 331 53 350 117
Scratch 0.885023 564 262 578 334
Scratch 0.888434 440 519 513 641
Scratch 0.890702 351 451 446 466
Scratch 0.901143 61 229 153 249
Scratch 0.907845 47 19 87 76
Scratch 0.910402 223 24 254 122
Scratch 0.919883 516 372 589 409
Scratch 0.926613 45 442 115 484
Scratch 0.938518 518 127 579 154
Scratch 0.962034 195 430 271 492
