Scratch 0.118551 102 13 115 77
Scratch 0.11926 188 139 262 207
Scratch 0.126935 515 360 566 540
Scratch 0.143546 621 2 640 90
Scratch 0.149803 611 450 639 524
Scratch 0.154836 4 65 68 80
Scratch 0.160561 1 233 15 273
Scratch 0.165716 320 188 333 198
Scratch 0.205281 448 9 497 143
Scratch 0.23847 621 1 640 225
Scratch 0.242218 117 5 168 67
Scratch 0.317998 2 233 15 244
Scratch 0.339071 541 539 548 555
Scratch 0.358815 163 93 171 99
Scratch 0.368187 608 118 641 320
Scratch 0.393088 540 1 610 41
Scratch 0.533218 104 2 129 74
Scratch 0.552755 101 137 137 152
Scratch 0.581652 388 303 397 369
Scratch 0.666483 270 449 279 460
Scratch 0.667409 167 48 186 101
Scratch 0.681193 612 482 641 511
Scratch 0.73588 223 122 250 196
Scratch 0.739138 174 188 248 213
Scratch 0.759807 579 146 639 391
Scratch 0.786696 481 541 517 641
Scratch 0.823461 374 377 391 457
Scratch 0.848417 214 599 290 638
Scratch 0.86554 556 229 638 248
Scratch 0.876512 346 138 431 156
Scratch 0.886781 214 78 267 124
Scratch 0.888428 455 347 467 446
Scratch 0.898798 486 360 568 633
Scratch 0.90998 97 181 160 236
Scratch 0.910307 71 544 110 574
Scratch 0.914023 253 325 311 357
Scratch 0.915122 159 19 195 56
Scratch 0.928956 566 386 630 634
Scratch 0.935145 118 307 187 410
Scratch 0.93826 455 171 503 278
Scratch 0.944157 402 567 455 630
Scratch 0.968912 279 379 355 447
