Scratch 0.177122 632 499 641 511
Scratch 0.235013 110 194 246 270
Scratch 0.243517 372 380 380 385
Scratch 0.405501 34 21 119 43
Scratch 0.578061 540 456 581 469
Scratch 0.662737 1 107 71 177
Scratch 0.675041 318 364 324 373
Scratch 0.714556 537 66 588 80
Scratch 0.741264 311 379 321 387
Scratch 0.759686 541 94 627 124
Scratch 0.791156 161 326 185 472
Scratch 0.814299 478 217 539 248
Scratch 0.820083 162 318 180 339
Scratch 0.825793 332 113 449 185
Scratch 0.841711 602 226 630 343
Scratch 0.865682 153 505 185 635
Scratch 0.870096 319 507 431 631
Scratch 0.875653 416 328 482 337
Scratch 0.891338 260 127 318 175
Scratch 0.894754 426 476 540 546
Scratch 0.894778 535 64 587 125
Scratch 0.912737 278 407 303 529
Scratch 0.921947 47 170 131 222
Scratch 0.933241 239 18 394 75
