Scratch 0.105066 1 328 44 414
Scratch 0.106085 241 602 300 640
Scratch 0.106171 632 559 641 590
Scratch 0.116515 532 1 557 94
Scratch 0.120688 368 1 413 45
Scratch 0.124914 174 146 199 160
Scratch 0.135587 40 3 67 58
Scratch 0.164823 2 285 35 595
Scratch 0.167185 328 423 402 442
Scratch 0.178393 4 114 27 140
Scratch 0.179814 1 337 45 372
Scratch 0.192611 469 8 517 30
Scratch 0.206048 23 342 47 355
Scratch 0.224847 19 262 26 291
Scratch 0.252997 470 20 512 51
Scratch 0.270813 2 341 49 356
Scratch 0.294378 443 559 459 639
Scratch 0.299537 629 556 641 621
Scratch 0.3301 424 180 433 270
Scratch 0.332116 158 285 179 457
Scratch 0.344013 512 103 520 115
Scratch 0.399567 46 9 58 59
Scratch 0.456646 385 1 404 45
Scratch 0.491129 617 431 640 485
Scratch 0.614207 534 605 595 640
Scratch 0.695642 1 479 36 571
Scratch 0.767749 152 1 258 41
Scratch 0.819447 570 149 640 205
Scratch 0.855548 477 202 500 236
Scratch 0.871147 234 332 279 414
Scratch 0.875532 100 224 264 249
Scratch 0.87627 322 225 335 327
Scratch 0.881917 384 428 466 478
Scratch 0.892687 296 2 366 55
Scratch 0.893925 439 273 502 304
Scratch 0.931348 456 354 496 432
Scratch 0.932928 84 290 120 382
Scratch 0.941626 99 460 215 501
Scratch 0.958235 259 102 319 184
