Scratch 0.139261 1 301 11 323
Scratch 0.142491 418 150 423 226
Scratch 0.192283 66 328 83 334
Scratch 0.230228 2 4 17 29
Scratch 0.358116 63 223 75 281
Scratch 0.465624 532 474 641 492
Scratch 0.669378 545 249 617 333
Scratch 0.684366 442 1 526 23
Scratch 0.75491 129 455 160 474
Scratch 0.835156 155 1 242 73
Scratch 0.881198 307 434 335 479
Scratch 0.888674 247 243 387 262
Scratch 0.894836 566 3 591 194
Scratch 0.903035 450 408 595 442
Scratch 0.916406 192 139 286 191
Scratch 0.934191 83 387 190 438
Scratch 0.937601 392 267 478 347
Scratch 0.955295 372 405 424 481
