Scratch 0.298536 541 343 637 467
Scratch 0.341536 504 1 512 10
Scratch 0.344715 257 71 264 78
Scratch 0.548333 87 23 127 107
Scratch 0.614718 364 316 372 322
Scratch 0.671439 216 97 245 161
Scratch 0.72549 379 321 386 329
Scratch 0.753156 380 259 385 270
Scratch 0.75574 25 528 46 612
Scratch 0.786041 382 127 452 211
Scratch 0.791658 61 58 80 99
Scratch 0.792585 328 163 337 226
Scratch 0.798109 319 461 339 480
Scratch 0.81626 105 567 173 641
Scratch 0.816383 499 453 641 489
Scratch 0.872015 321 452 472 484
Scratch 0.875817 112 189 190 317
Scratch 0.884594 472 95 548 213
Scratch 0.884758 67 55 130 109
Scratch 0.885582 408 338 526 364
Scratch 0.888385 226 9 344 38
Scratch 0.900888 459 71 470 99
Scratch 0.902617 125 329 173 383
Scratch 0.927697 504 210 630 320
Scratch 0.934157 18 244 77 406
Scratch 0.942683 193 395 263 522
Scratch 0.944338 169 510 220 595
