Scratch 0.110342 1 271 16 415
Scratch 0.143547 274 65 284 72
Scratch 0.199863 276 114 389 136
Scratch 0.237076 519 175 558 182
Scratch 0.336256 1 414 49 423
Scratch 0.381726 1 80 31 144
Scratch 0.445876 1 271 18 334
Scratch 0.515898 327 605 451 640
Scratch 0.541513 249 83 305 91
Scratch 0.556867 3 537 87 545
Scratch 0.644118 97 557 116 641
Scratch 0.649462 159 621 295 641
Scratch 0.665141 50 571 92 639
Scratch 0.739576 453 519 543 537
Scratch 0.792659 136 148 157 157
Scratch 0.81754 385 1 505 35
Scratch 0.889136 80 11 129 63
Scratch 0.891524 207 49 231 216
Scratch 0.89688 113 340 149 369
Scratch 0.912302 442 387 487 471
Scratch 0.929215 246 114 391 188
Scratch 0.929481 437 144 553 302
Scratch 0.937005 266 385 384 536
Scratch 0.940596 263 256 350 365
Scratch 0.942692 322 47 460 147
