Scratch 0.144288 319 315 326 322
Scratch 0.156279 286 406 308 452
Scratch 0.176244 36 376 52 422
Scratch 0.192279 308 162 321 167
Scratch 0.296901 98 426 107 435
Scratch 0.313473 565 370 575 570
Scratch 0.325621 452 1 489 25
Scratch 0.331028 298 315 304 323
Scratch 0.335755 208 175 218 183
Scratch 0.369876 464 631 525 641
Scratch 0.401041 391 1 415 17
Scratch 0.409351 267 621 371 641
Scratch 0.429118 162 1 176 6
Scratch 0.52318 563 386 571 512
Scratch 0.537834 181 449 233 457
Scratch 0.563154 456 1 558 23
Scratch 0.578838 181 440 235 449
Scratch 0.588689 118 19 131 25
Scratch 0.650299 396 585 492 641
Scratch 0.676943 332 122 377 155
Scratch 0.715941 9 328 52 408
Scratch 0.802211 496 317 526 360
Scratch 0.811752 279 393 307 473
Scratch 0.819474 333 339 372 363
Scratch 0.820425 65 47 84 161
Scratch 0.824654 179 31 190 40
Scratch 0.825727 529 171 553 190
Scratch 0.831197 239 62 262 80
Scratch 0.862204 576 370 637 436
Scratch 0.874496 298 33 408 49
Scratch 0.887344 238 333 255 344
Scratch 0.911113 139 562 202 623
Scratch 0.916868 350 443 438 466
Scratch 0.919328 94 276 155 313
Scratch 0.938003 270 537 328 573
Scratch 0.943064 345 51 396 139
Scratch 0.946799 115 503 198 547
Scratch 0.951445 471 51 597 138
Scratch 0.951647 254 180 303 262
Scratch 0.952095 435 167 525 222
Scratch 0.960684 150 90 180 160
