Scratch 0.13527 167 2 250 53
Scratch 0.137234 527 488 533 497
Scratch 0.150244 529 1 641 18
Scratch 0.151473 442 25 455 30
Scratch 0.18167 463 579 470 587
Scratch 0.207048 28 1 39 41
Scratch 0.211794 599 184 641 288
Scratch 0.227897 27 457 38 580
Scratch 0.233794 27 23 41 254
Scratch 0.374855 29 507 36 578
Scratch 0.454759 323 605 370 641
Scratch 0.48387 28 17 39 156
Scratch 0.633439 538 3 559 38
Scratch 0.728217 539 414 551 455
Scratch 0.739213 205 1 267 49
Scratch 0.756468 30 1 57 40
Scratch 0.783906 594 185 639 225
Scratch 0.841309 44 109 181 248
Scratch 0.875039 532 25 614 205
Scratch 0.899434 509 556 573 593
Scratch 0.906247 186 193 218 232
Scratch 0.912184 153 317 177 409
Scratch 0.915157 490 110 568 136
Scratch 0.92523 266 358 350 396
Scratch 0.926348 549 338 580 391
Scratch 0.935722 279 459 335 494
Scratch 0.938377 399 117 433 165
Scratch 0.95197 295 170 354 206
Scratch 0.955282 187 533 239 607
Scratch 0.959307 442 263 503 334
