0 0.542969 0.535937 0.0234375 0.08125 0.118445
0 0.153906 0.763281 0.0140625 0.0140625 0.133721
0 0.529688 0.632812 0.34375 0.059375 0.138448
0 0.0835937 0.985937 0.167187 0.028125 0.141478
0 0.907031 0.63125 0.182812 0.01875 0.156117
0 0.778906 0.8625 0.0078125 0.0375 0.173415
0 0.261719 0.542969 0.295312 0.0359375 0.181818
0 0.7125 0.325 0.1125 0.040625 0.188016
0 0.577344 0.470313 0.0765625 0.015625 0.193922
0 0.389844 0.976562 0.0359375 0.046875 0.230689
0 0.75 0.374219 0.046875 0.0828125 0.244277
0 0.332031 0.549219 0.142188 0.0203125 0.260489
0 0.9125 0.483594 0.090625 0.0921875 0.277691
0 0.566406 0.516406 0.0109375 0.0171875 0.291117
0 0.0375 0.982031 0.075 0.0328125 0.303983
0 0.657812 0.897656 0.04375 0.198437 0.364801
0 0.0625 0.376563 0.11875 0.0625 0.366938
0 0.9375 0.479688 0.0375 0.06875 0.409348
0 0.614844 0.800781 0.0453125 0.126563 0.445516
0 0.232812 0.648438 0.034375 0.0125 0.489804
0 0.172656 0.134375 0.0328125 0.125 0.515997
0 0.05 0.189844 0.08125 0.0203125 0.550443
0 0.3875 0.028125 0.096875 0.05625 0.585431
0 0.88125 0.489844 0.1125 0.114063 0.592968
0 0.711719 0.226562 0.417188 0.034375 0.598815
0 0.172656 0.534375 0.142188 0.05625 0.625495
0 0.786719 0.614844 0.0546875 0.0171875 0.655008
0 0.676562 0.699219 0.3 0.114063 0.699199
0 0.078125 0.607813 0.153125 0.065625 0.769366
0 0.473437 0.903125 0.034375 0.0875 0.784053
0 0.0570313 0.0765625 0.114063 0.075 0.831352
0 0.19375 0.909375 0.2 0.090625 0.853186
0 0.66875 0.0960938 0.16875 0.126563 0.899202
0 0.589063 0.617188 0.1125 0.071875 0.905687
0 0.830469 0.802344 0.117188 0.257812 0.927214
0 0.495313 0.377344 0.096875 0.142188 0.943601
