0 0.642187 0.988281 0.084375 0.0234375 0.137655
0 0.614062 0.550781 0.33125 0.0671875 0.169458
0 0.370313 0.117969 0.01875 0.235938 0.175879
0 0.0109375 0.214062 0.021875 0.065625 0.176493
0 0.442187 0.389062 0.0875 0.034375 0.231336
0 0.744531 0.355469 0.0078125 0.0265625 0.333891
0 0.09375 0.771875 0.1875 0.03125 0.389941
0 0.385156 0.984375 0.145313 0.03125 0.436934
0 0.666406 0.573438 0.410937 0.059375 0.444121
0 0.660937 0.601562 0.44375 0.021875 0.471913
0 0.700781 0.301562 0.0890625 0.071875 0.535335
0 0.392188 0.0148437 0.040625 0.0296875 0.58984
0 0.634375 0.867969 0.159375 0.0171875 0.630745
0 0.31875 0.739062 0.06875 0.13125 0.68671
0 0.25625 0.775781 0.05625 0.0328125 0.698199
0 0.470313 0.378906 0.134375 0.0546875 0.706837
0 0.651563 0.179688 0.01875 0.325 0.714425
0 0.33125 0.816406 0.084375 0.0234375 0.762038
0 0.396875 0.657031 0.159375 0.0203125 0.781439
0 0.15 0.519531 0.209375 0.0671875 0.784904
0 0.949219 0.034375 0.0328125 0.028125 0.8364
0 0.507812 0.0671875 0.040625 0.103125 0.837853
0 0.172656 0.626562 0.214062 0.05625 0.838932
0 0.254687 0.7125 0.09375 0.18125 0.880057
0 0.432031 0.7625 0.289062 0.078125 0.88309
0 0.242969 0.317969 0.0703125 0.0796875 0.905107
0 0.569531 0.107813 0.0640625 0.16875 0.923613
