0 0.801562 0.84375 0.040625 0.08125 0.100926
0 0.429688 0.603125 0.11875 0.153125 0.10116
0 0.403906 0.60625 0.135937 0.24375 0.105468
0 0.460156 0.608594 0.0640625 0.123438 0.131926
0 0.0273438 0.025 0.0515625 0.046875 0.136085
0 0.635938 0.964063 0.053125 0.06875 0.139956
0 0.992188 0.751562 0.0125 0.025 0.192074
0 0.0554687 0.765625 0.0453125 0.0875 0.218158
0 0.25625 0.973437 0.0875 0.05 0.250741
0 0.146094 0.10625 0.0703125 0.1625 0.288515
0 0.485938 0.832812 0.0125 0.03125 0.301173
0 0.710156 0.799219 0.0078125 0.0296875 0.340671
0 0.466406 0.609375 0.0578125 0.0375 0.366877
0 0.809375 0.857031 0.0125 0.0328125 0.397955
0 0.242188 0.291406 0.10625 0.0640625 0.398287
0 0.0234375 0.0140625 0.046875 0.021875 0.483264
0 0.807813 0.849219 0.01875 0.0578125 0.493736
0 0.359375 0.746875 0.040625 0.009375 0.588015
0 0.815625 0.899219 0.10625 0.201562 0.734187
0 0.173438 0.138281 0.125 0.232812 0.749613
0 0.304688 0.425781 0.059375 0.0578125 0.792318
0 0.228906 0.280469 0.0703125 0.0421875 0.79992
0 0.477344 0.714844 0.0296875 0.104687 0.815418
0 0.383594 0.85625 0.0515625 0.1125 0.863049
0 0.683594 0.682813 0.0265625 0.059375 0.865328
0 0.264062 0.321094 0.14375 0.123438 0.889237
0 0.339844 0.192188 0.126563 0.078125 0.89925
0 0.504687 0.566406 0.05 0.0640625 0.917369
0 0.739062 0.403125 0.115625 0.11875 0.931001
0 0.336719 0.504687 0.0984375 0.096875 0.935399
