0 0.090625 0.916406 0.0375 0.123438 0.11105
0 0.134375 0.977344 0.05625 0.0453125 0.114047
0 0.0203125 0.932813 0.040625 0.11875 0.128647
0 0.382031 0.886719 0.0171875 0.0265625 0.151975
0 0.0632813 0.93125 0.0828125 0.1375 0.228698
0 0.979688 0.753906 0.040625 0.423438 0.318803
0 0.505469 0.458594 0.0109375 0.0296875 0.476073
0 0.6875 0.934375 0.025 0.01875 0.521963
0 0.0390625 0.950781 0.053125 0.0953125 0.584491
0 0.149219 0.957031 0.0453125 0.0859375 0.696774
0 0.0726563 0.917188 0.0421875 0.15 0.747262
0 0.7125 0.0921875 0.078125 0.04375 0.787563
0 0.665625 0.176563 0.121875 0.034375 0.790777
0 0.0476562 0.347656 0.0953125 0.0703125 0.805441
0 0.294531 0.0992187 0.164062 0.142188 0.807242
0 0.482812 0.0796875 0.11875 0.075 0.818114
0 0.271875 0.960156 0.065625 0.0359375 0.818527
0 0.278906 0.277344 0.0828125 0.0578125 0.820747
0 0.539844 0.608594 0.110937 0.0890625 0.832515
0 0.778906 0.348437 0.123438 0.090625 0.836571
0 0.110937 0.914844 0.0375 0.142188 0.840495
0 0.623438 0.473437 0.0375 0.19375 0.859383
0 0.475 0.917188 0.14375 0.165625 0.86397
0 0.0703125 0.128125 0.03125 0.09375 0.86694
0 0.419531 0.220313 0.0359375 0.11875 0.874236
0 0.374219 0.792969 0.0421875 0.151562 0.877899
0 0.0882813 0.595312 0.0453125 0.20625 0.898073
0 0.939844 0.174219 0.0640625 0.0984375 0.90056
0 0.839063 0.517969 0.065625 0.164062 0.900686
0 0.294531 0.539062 0.0421875 0.18125 0.91003
0 0.532812 0.328906 0.078125 0.0671875 0.927152
0 0.65 0.284375 0.1 0.15625 0.934345
