0 0.021875 0.3875 0.04375 0.01875 0.107446
0 0.439844 0.98125 0.129688 0.034375 0.117204
0 0.460938 0.980469 0.0375 0.0390625 0.125966
0 0.0414063 0.914062 0.0828125 0.03125 0.145602
0 0.558594 0.967188 0.0265625 0.065625 0.186119
0 0.155469 0.980469 0.126563 0.0390625 0.191765
0 0.90625 0.009375 0.059375 0.01875 0.233932
0 0.938281 0.0101562 0.123438 0.0203125 0.298611
0 0.167969 0.19375 0.0234375 0.01875 0.319436
0 0.597656 0.735937 0.217187 0.028125 0.34072
0 0.0695312 0.0789063 0.0765625 0.0234375 0.348339
0 0.717188 0.0171875 0.0875 0.034375 0.363614
0 0.835156 0.967969 0.129688 0.0640625 0.502878
0 0.971094 0.115625 0.0578125 0.09375 0.508675
0 0.188281 0.978125 0.0578125 0.0375 0.565064
0 0.03125 0.680469 0.0625 0.182812 0.58081
0 0.929688 0.295312 0.140625 0.03125 0.612236
0 0.347656 0.330469 0.132812 0.0171875 0.620309
0 0.046875 0.920313 0.084375 0.015625 0.647439
0 0.547656 0.967188 0.0203125 0.0625 0.650438
0 0.271875 0.0546875 0.0875 0.109375 0.816311
0 0.335156 0.242188 0.0671875 0.046875 0.835301
0 0.0421875 0.474219 0.084375 0.129688 0.84853
0 0.428125 0.483594 0.1625 0.0203125 0.874882
0 0.448438 0.26875 0.05 0.109375 0.894512
0 0.371094 0.697656 0.0390625 0.292188 0.897246
0 0.7125 0.326562 0.08125 0.1375 0.898357
0 0.580469 0.600781 0.123438 0.0671875 0.908172
0 0.524219 0.839844 0.145313 0.0546875 0.933819
0 0.613281 0.257031 0.120312 0.0640625 0.938059
0 0.747656 0.757031 0.0765625 0.185937 0.948903
0 0.224219 0.548437 0.126563 0.09375 0.956508
