0 0.914062 0.603906 0.078125 0.0671875 0.106245
0 0.908594 0.614844 0.0515625 0.0484375 0.187945
0 0.810156 0.984375 0.142188 0.03125 0.231617
0 0.991406 0.0390625 0.0171875 0.0625 0.271694
0 0.176563 0.96875 0.084375 0.0625 0.277946
0 0.334375 0.525781 0.01875 0.0140625 0.358216
0 0.178906 0.667188 0.0078125 0.0125 0.37221
0 0.974219 0.732813 0.0515625 0.384375 0.430259
0 0.899219 0.0960938 0.0140625 0.0953125 0.5037
0 0.292188 0.672656 0.00625 0.0109375 0.537523
0 0.139062 0.01875 0.09375 0.0375 0.548075
0 0.592188 0.532031 0.015625 0.0203125 0.587567
0 0.0640625 0.799219 0.021875 0.0109375 0.63232
0 0.678125 0.357812 0.0125 0.028125 0.678523
0 0.75625 0.046875 0.1125 0.09375 0.726749
0 0.421875 0.04375 0.075 0.0875 0.733386
0 0.978125 0.434375 0.04375 0.2 0.736718
0 0.876562 0.671094 0.04375 0.0390625 0.772464
0 0.315625 0.517969 0.01875 0.0359375 0.776976
0 0.938281 0.892969 0.0265625 0.135937 0.806051
0 0.739844 0.886719 0.0296875 0.151562 0.807253
0 0.0171875 0.921875 0.034375 0.109375 0.836872
0 0.732813 0.5375 0.034375 0.034375 0.866788
0 0.765625 0.73125 0.0375 0.03125 0.869074
0 0.185156 0.571875 0.0203125 0.015625 0.870392
0 0.922656 0.460156 0.135937 0.304688 0.872208
0 0.040625 0.0898438 0.075 0.0921875 0.878434
0 0.110937 0.330469 0.065625 0.0453125 0.88697
0 0.303125 0.358594 0.046875 0.0890625 0.889571
0 0.105469 0.728906 0.0296875 0.182812 0.890819
0 0.580469 0.848437 0.126563 0.0625 0.898851
0 0.792969 0.303125 0.0734375 0.165625 0.911052
0 0.50625 0.153906 0.040625 0.0609375 0.912782
0 0.186719 0.395312 0.0359375 0.190625 0.917632
0 0.0953125 0.550781 0.08125 0.129688 0.920269
0 0.410937 0.613281 0.06875 0.0984375 0.933947
0 0.371875 0.202344 0.084375 0.110937 0.935503
0 0.28125 0.538281 0.046875 0.176563 0.93735
0 0.838281 0.367188 0.0859375 0.228125 0.941796
0 0.592188 0.382812 0.05625 0.153125 0.942563
0 0.617969 0.657031 0.0609375 0.107813 0.949807
