0 0.0117188 0.610156 0.0234375 0.304688 0.119673
0 0.911719 0.44375 0.0234375 0.115625 0.151282
0 0.169531 0.015625 0.0359375 0.028125 0.164035
0 0.0242187 0.879687 0.0484375 0.184375 0.197595
0 0.0234375 0.764844 0.046875 0.0328125 0.290069
0 0.028125 0.275 0.05625 0.090625 0.320655
0 0.900781 0.396875 0.0328125 0.221875 0.539108
0 0.192969 0.0367187 0.0734375 0.0734375 0.658759
0 0.948438 0.390625 0.1 0.3125 0.666822
0 0.0484375 0.339844 0.096875 0.0796875 0.671022
0 0.313281 0.907812 0.101562 0.0125 0.730999
0 0.8875 0.603125 0.146875 0.496875 0.734398
0 0.935156 0.857813 0.126563 0.028125 0.82582
0 0.695312 0.544531 0.059375 0.107813 0.850624
0 0.56875 0.860156 0.0375 0.148438 0.878015
0 0.588281 0.617188 0.0671875 0.03125 0.896179
0 0.31875 0.333594 0.08125 0.0546875 0.901885
0 0.357812 0.765625 0.1375 0.028125 0.914286
0 0.163281 0.515625 0.0578125 0.159375 0.925877
0 0.425 0.471875 0.071875 0.1 0.932415
0 0.446875 0.121875 0.15625 0.1125 0.942915
0 0.160156 0.207813 0.123438 0.121875 0.945965
0 0.667188 0.260156 0.196875 0.139062 0.951785
