0 0.028125 0.217187 0.053125 0.146875 0.106368
0 0.021875 0.314063 0.04375 0.346875 0.111211
0 0.970312 0.961719 0.059375 0.0765625 0.130189
0 0.0578125 0.395312 0.1 0.075 0.159125
0 0.0320312 0.841406 0.0640625 0.151562 0.256743
0 0.880469 0.0992187 0.0328125 0.0859375 0.280431
0 0.153906 0.960156 0.135937 0.0703125 0.358793
0 0.7625 0.277344 0.015625 0.0203125 0.425718
0 0.613281 0.707031 0.0171875 0.0234375 0.427916
0 0.530469 0.496875 0.0578125 0.04375 0.497392
0 0.0234375 0.177344 0.046875 0.0484375 0.548972
0 0.9125 0.0367187 0.04375 0.0703125 0.563056
0 0.978906 0.286719 0.0421875 0.0328125 0.576024
0 0.05625 0.301562 0.1125 0.296875 0.58976
0 0.246875 0.778906 0.084375 0.0265625 0.632895
0 0.592188 0.15 0.1375 0.03125 0.653694
0 0.923437 0.845312 0.0875 0.05625 0.692121
0 0.121094 0.927344 0.242188 0.139062 0.723199
0 0.090625 0.03125 0.146875 0.028125 0.72546
0 0.717188 0.438281 0.115625 0.0328125 0.816096
0 0.94375 0.607813 0.1125 0.034375 0.830054
0 0.636719 0.233594 0.0671875 0.0765625 0.856645
0 0.352344 0.792969 0.0453125 0.104687 0.862666
0 0.302344 0.405469 0.0890625 0.167187 0.874844
0 0.511719 0.86875 0.0421875 0.2625 0.923356
0 0.378906 0.179688 0.129688 0.2375 0.934099
0 0.13125 0.621094 0.10625 0.270312 0.945787
0 0.503906 0.3375 0.148438 0.10625 0.948607
