0 0.959375 0.564062 0.0125 0.44375 0.114967
0 0.405469 0.0484375 0.0296875 0.015625 0.135787
0 0.608594 0.0101562 0.0234375 0.0203125 0.161251
0 0.671875 0.924219 0.021875 0.151562 0.162596
0 0.914844 0.117188 0.0078125 0.1125 0.168806
0 0.921875 0.253906 0.00625 0.0359375 0.188421
0 0.959375 0.35625 0.015625 0.434375 0.197854
0 0.958594 0.683594 0.0203125 0.632812 0.307909
0 0.140625 0.674219 0.009375 0.0140625 0.31296
0 0.4 0.439063 0.040625 0.009375 0.324642
0 0.0976562 0.376563 0.0078125 0.0125 0.329217
0 0.616406 0.0164062 0.0171875 0.0328125 0.343639
0 0.282031 0.198437 0.248437 0.025 0.404166
0 0.398438 0.0429688 0.025 0.0171875 0.405456
0 0.679688 0.941406 0.0375 0.117188 0.452996
0 0.653906 0.114844 0.0203125 0.0703125 0.48588
0 0.325 0.0765625 0.015625 0.1125 0.499089
0 0.95625 0.295312 0.009375 0.2375 0.516996
0 0.913281 0.0859375 0.0109375 0.165625 0.632258
0 0.167187 0.6375 0.059375 0.053125 0.644549
0 0.021875 0.5875 0.04375 0.015625 0.65539
0 0.157031 0.198437 0.142188 0.025 0.717833
0 0.457812 0.0335938 0.140625 0.0671875 0.736119
0 0.334375 0.2125 0.190625 0.046875 0.740676
0 0.0890625 0.410156 0.0375 0.0953125 0.747493
0 0.188281 0.219531 0.0390625 0.0109375 0.760014
0 0.657031 0.0828125 0.0265625 0.140625 0.82381
0 0.196094 0.896094 0.110937 0.0171875 0.828762
0 0.739844 0.317969 0.0234375 0.179688 0.868721
0 0.778125 0.0710938 0.021875 0.120312 0.877369
0 0.917188 0.367188 0.11875 0.03125 0.880454
0 0.836719 0.798437 0.129688 0.30625 0.898055
0 0.579687 0.384375 0.115625 0.03125 0.900673
0 0.35 0.364062 0.053125 0.0875 0.915871
0 0.230469 0.407031 0.0390625 0.0765625 0.920091
0 0.536719 0.621094 0.0765625 0.0421875 0.923295
0 0.65 0.763281 0.096875 0.232812 0.934516
0 0.371875 0.696875 0.078125 0.05 0.937141
0 0.235938 0.128125 0.146875 0.040625 0.938616
