0 0.254687 0.271094 0.096875 0.0234375 0.112471
0 0.763281 0.189844 0.0328125 0.0515625 0.122506
0 0.941406 0.860937 0.110937 0.08125 0.1444
0 0.473437 0.215625 0.1 0.078125 0.158448
0 0.625 0.0101562 0.01875 0.0171875 0.164618
0 0.216406 0.970312 0.126563 0.053125 0.171005
0 0.225781 0.946094 0.151562 0.0890625 0.201045
0 0.88125 0.732031 0.1625 0.0484375 0.216954
0 0.846094 0.275 0.145313 0.034375 0.242262
0 0.657031 0.975781 0.304688 0.0484375 0.243344
0 0.942969 0.175 0.104687 0.028125 0.249941
0 0.960938 0.597656 0.078125 0.0421875 0.27358
0 0.477344 0.611719 0.0921875 0.0109375 0.303387
0 0.420312 0.6 0.215625 0.034375 0.30755
0 0.607031 0.944531 0.179688 0.110937 0.345242
0 0.697656 0.510938 0.0140625 0.01875 0.414737
0 0.517187 0.353125 0.00625 0.0125 0.418317
0 0.965625 0.894531 0.06875 0.120312 0.435962
0 0.774219 0.184375 0.0203125 0.059375 0.534402
0 0.751562 0.186719 0.0375 0.0609375 0.585465
0 0.289844 0.428125 0.0203125 0.015625 0.647787
0 0.559375 0.95625 0.365625 0.084375 0.691316
0 0.346875 0.595312 0.121875 0.025 0.706457
0 0.228906 0.975 0.0640625 0.05 0.714363
0 0.0804688 0.771094 0.160938 0.0640625 0.775759
0 0.623438 0.935156 0.040625 0.129688 0.782669
0 0.692187 0.313281 0.0375 0.104687 0.793597
0 0.757812 0.369531 0.084375 0.0296875 0.814893
0 0.242969 0.824219 0.482812 0.135937 0.818972
0 0.200781 0.932031 0.401563 0.107813 0.835956
0 0.38125 0.719531 0.15 0.0171875 0.874791
0 0.772656 0.605469 0.0203125 0.129688 0.877363
0 0.130469 0.136719 0.0546875 0.0671875 0.887868
0 0.0351562 0.384375 0.0578125 0.10625 0.892261
0 0.846875 0.378125 0.0625 0.071875 0.892283
0 0.941406 0.274219 0.0609375 0.0546875 0.902507
0 0.466406 0.438281 0.0453125 0.0859375 0.917724
0 0.675 0.203125 0.084375 0.10625 0.921377
0 0.649219 0.746094 0.164062 0.0734375 0.921666
0 0.0625 0.66875 0.103125 0.084375 0.935694
0 0.441406 0.233594 0.164062 0.114063 0.936211
0 0.357031 0.494531 0.107813 0.120312 0.944996
