0 0.547656 0.0109375 0.0359375 0.021875 0.101211
0 0.0796875 0.211719 0.009375 0.0203125 0.202689
0 0.0171875 0.460938 0.034375 0.015625 0.217905
0 0.352344 0.0335938 0.0671875 0.0671875 0.37983
0 0.310937 0.964844 0.01875 0.0703125 0.54738
0 0.549219 0.0210938 0.182812 0.0421875 0.587498
0 0.259375 0.734375 0.0875 0.26875 0.588999
0 0.285156 0.758594 0.0296875 0.195312 0.671811
0 0.0304688 0.691406 0.0171875 0.0796875 0.677137
0 0.528906 0.947656 0.0921875 0.104687 0.784379
0 0.644531 0.907812 0.0328125 0.0875 0.795471
0 0.0710938 0.904688 0.142188 0.190625 0.810382
0 0.120312 0.592969 0.04375 0.0390625 0.831376
0 0.320312 0.838281 0.053125 0.154687 0.847451
0 0.1375 0.382031 0.046875 0.101562 0.882318
0 0.440625 0.821875 0.10625 0.05625 0.887785
0 0.282813 0.423438 0.028125 0.18125 0.894224
0 0.204688 0.115625 0.1 0.053125 0.894904
0 0.553906 0.297656 0.0609375 0.129688 0.897794
0 0.407813 0.290625 0.065625 0.140625 0.901106
0 0.575 0.714063 0.05625 0.121875 0.935968
0 0.553906 0.432813 0.120312 0.065625 0.958651
0 0.153125 0.871875 0.0875 0.0875 0.971804
