0 0.169531 0.0695312 0.0203125 0.101562 0.118551
0 0.350781 0.26875 0.114063 0.10625 0.11926
0 0.842969 0.701563 0.0796875 0.28125 0.126935
0 0.985156 0.0703125 0.0296875 0.1375 0.143546
0 0.976562 0.760156 0.04375 0.114063 0.149803
0 0.0546875 0.111719 0.1 0.0234375 0.154836
0 0.0109375 0.395312 0.021875 0.0625 0.160561
0 0.508594 0.3 0.0203125 0.015625 0.165716
0 0.738281 0.117188 0.0765625 0.209375 0.205281
0 0.985156 0.175 0.0296875 0.35 0.23847
0 0.222656 0.0546875 0.0796875 0.096875 0.242218
0 0.0117188 0.372656 0.0203125 0.0171875 0.317998
0 0.850781 0.853125 0.0109375 0.025 0.339071
0 0.259375 0.148438 0.0125 0.009375 0.358815
0 0.974219 0.341406 0.0515625 0.314063 0.368187
0 0.897656 0.03125 0.107813 0.0625 0.393088
0 0.180469 0.0578125 0.0390625 0.1125 0.533218
0 0.185937 0.224219 0.05625 0.0234375 0.552755
0 0.613281 0.523438 0.0140625 0.103125 0.581652
0 0.427344 0.710156 0.0140625 0.0171875 0.666483
0 0.275781 0.116406 0.0296875 0.0828125 0.667409
0 0.977344 0.775781 0.0453125 0.0453125 0.681193
0 0.369531 0.247656 0.0421875 0.114063 0.73588
0 0.328125 0.311719 0.115625 0.0390625 0.739138
0 0.95 0.417969 0.09375 0.382812 0.759807
0 0.778125 0.921875 0.05625 0.15625 0.786696
0 0.596094 0.650781 0.0265625 0.123438 0.823461
0 0.392188 0.966406 0.11875 0.0609375 0.848417
0 0.932031 0.372656 0.126563 0.0296875 0.86554
0 0.605469 0.228125 0.132812 0.028125 0.876512
0 0.375781 0.15625 0.0828125 0.071875 0.886781
0 0.720312 0.617969 0.01875 0.154687 0.888428
0 0.822656 0.774219 0.126563 0.426562 0.898798
0 0.200781 0.324219 0.0984375 0.0859375 0.90998
0 0.139844 0.871875 0.0609375 0.046875 0.910307
0 0.439063 0.532812 0.090625 0.05 0.914023
0 0.275 0.0570313 0.05625 0.0578125 0.915122
0 0.932813 0.795313 0.1 0.3875 0.928956
0 0.236719 0.558594 0.107813 0.160938 0.935145
0 0.746875 0.349219 0.075 0.167187 0.93826
0 0.669531 0.935156 0.0828125 0.0984375 0.944157
0 0.494531 0.64375 0.120312 0.10625 0.968912
