0 0.196094 0.534375 0.0078125 0.01875 0.128581
0 0.0296875 0.742969 0.046875 0.264062 0.136098
0 0.953906 0.982031 0.0765625 0.0359375 0.15746
0 0.45 0.389844 0.009375 0.0734375 0.163967
0 0.684375 0.990625 0.109375 0.01875 0.18973
0 0.0226563 0.666406 0.0171875 0.0359375 0.2026
0 0.658594 0.528125 0.0390625 0.046875 0.221361
0 0.227344 0.953125 0.0109375 0.05625 0.236686
0 0.242969 0.508594 0.0359375 0.182812 0.283611
0 0.532031 0.445312 0.0140625 0.025 0.334948
0 0.310937 0.752344 0.009375 0.104687 0.397651
0 0.0179687 0.709375 0.0359375 0.209375 0.408533
0 0.234375 0.28125 0.009375 0.1 0.430901
0 0.974219 0.0140625 0.0484375 0.028125 0.447227
0 0.721094 0.989062 0.0859375 0.021875 0.474096
0 0.713281 0.0101562 0.0140625 0.0203125 0.475845
0 0.0125 0.342969 0.025 0.0734375 0.606336
0 0.4125 0.978125 0.03125 0.04375 0.633389
0 0.0101562 0.645312 0.0203125 0.090625 0.641183
0 0.134375 0.819531 0.021875 0.104687 0.647855
0 0.248437 0.552344 0.040625 0.110937 0.663274
0 0.466406 0.297656 0.0359375 0.0390625 0.677575
0 0.798437 0.354688 0.021875 0.03125 0.679343
0 0.0976562 0.426562 0.0140625 0.121875 0.679676
0 0.448438 0.655469 0.0125 0.0921875 0.696799
0 0.846094 0.96875 0.0609375 0.0625 0.709604
0 0.348437 0.900781 0.021875 0.0828125 0.714934
0 0.31875 0.244531 0.015625 0.145313 0.740332
0 0.461719 0.503906 0.0609375 0.0359375 0.817536
0 0.721875 0.598437 0.0625 0.059375 0.821379
0 0.8125 0.866406 0.059375 0.0671875 0.832544
0 0.521094 0.58125 0.0234375 0.059375 0.84543
0 0.102344 0.0515625 0.0328125 0.09375 0.856134
0 0.328125 0.726562 0.05 0.065625 0.864354
0 0.346875 0.347656 0.040625 0.0703125 0.87173
0 0.70625 0.824219 0.06875 0.145313 0.879509
0 0.69375 0.342187 0.05625 0.05 0.894669
0 0.3 0.557813 0.046875 0.08125 0.896834
0 0.617969 0.489062 0.0609375 0.065625 0.898489
0 0.566406 0.282813 0.0203125 0.0875 0.899425
0 0.396875 0.324219 0.034375 0.107813 0.90218
0 0.053125 0.68125 0.06875 0.115625 0.906106
0 0.635938 0.751562 0.0375 0.1125 0.914836
0 0.49375 0.933594 0.078125 0.129688 0.92677
0 0.93125 0.323438 0.04375 0.06875 0.943689
0 0.930469 0.433594 0.139062 0.198437 0.948455
