0 0.58125 0.625781 0.09375 0.0171875 0.101441
0 0.0929687 0.709375 0.0140625 0.0125 0.103923
0 0.940625 0.207031 0.015625 0.0109375 0.132775
0 0.149219 0.0421875 0.0546875 0.025 0.229973
0 0.214062 0.0078125 0.096875 0.015625 0.23525
0 0.198437 0.816406 0.009375 0.0328125 0.246472
0 0.561719 0.621875 0.0703125 0.0125 0.271753
0 0.053125 0.304688 0.009375 0.609375 0.337161
0 0.310937 0.664844 0.009375 0.0109375 0.586742
0 0.470313 0.671094 0.028125 0.0171875 0.671866
0 0.607031 0.635156 0.0484375 0.0171875 0.720863
0 0.592969 0.95625 0.0921875 0.009375 0.730062
0 0.320312 0.9625 0.028125 0.075 0.769045
0 0.3875 0.790625 0.0375 0.0875 0.897929
0 0.353906 0.9 0.145313 0.13125 0.924604
0 0.135156 0.79375 0.0953125 0.1125 0.926346
0 0.259375 0.708594 0.05625 0.142188 0.936819
0 0.570312 0.748438 0.075 0.096875 0.946005
0 0.585156 0.907031 0.176563 0.0546875 0.94892
0 0.517187 0.775781 0.053125 0.0953125 0.95128
