0 0.657812 0.648438 0.021875 0.0375 0.136893
0 0.685938 0.639063 0.01875 0.025 0.142182
0 0.357812 0.454688 0.0125 0.025 0.301966
0 0.422656 0.034375 0.176563 0.06875 0.311561
0 0.651563 0.0492188 0.03125 0.0984375 0.583807
0 0.7375 0.280469 0.0125 0.0203125 0.596542
0 0.359375 0.3875 0.015625 0.021875 0.685168
0 0.696875 0.06875 0.034375 0.1375 0.701353
0 0.469531 0.596094 0.0140625 0.0203125 0.724631
0 0.327344 0.217187 0.0265625 0.15625 0.743534
0 0.314063 0.578906 0.0125 0.0328125 0.787169
0 0.545313 0.411719 0.01875 0.0328125 0.802433
0 0.0507812 0.385156 0.0984375 0.0640625 0.854512
0 0.603125 0.325 0.0375 0.053125 0.861112
0 0.0367187 0.0539063 0.0734375 0.104687 0.868661
0 0.414844 0.678125 0.0296875 0.04375 0.894768
0 0.102344 0.8125 0.201562 0.046875 0.90986
0 0.220313 0.142969 0.09375 0.285937 0.913442
0 0.464063 0.517187 0.053125 0.096875 0.926456
0 0.614844 0.242188 0.0703125 0.084375 0.93444
0 0.628906 0.192969 0.164062 0.117188 0.937621
0 0.170312 0.342187 0.0875 0.290625 0.947607
0 0.490625 0.31875 0.075 0.2375 0.967648
