0 0.457031 0.197656 0.0296875 0.207813 0.106609
0 0.01875 0.439844 0.034375 0.210938 0.117233
0 0.0101562 0.344531 0.0203125 0.0609375 0.144395
0 0.96875 0.352344 0.0625 0.104687 0.159598
0 0.984375 0.732031 0.03125 0.0421875 0.226178
0 0.0460938 0.420312 0.0828125 0.146875 0.25459
0 0.0078125 0.321094 0.015625 0.0328125 0.2909
0 0.9375 0.314844 0.11875 0.0234375 0.326201
0 0.167187 0.85625 0.01875 0.009375 0.343118
0 0.0148437 0.388281 0.0296875 0.123438 0.384772
0 0.850781 0.575 0.117188 0.03125 0.403316
0 0.985937 0.723437 0.028125 0.01875 0.405161
0 0.0132813 0.844531 0.0265625 0.0421875 0.414369
0 0.407813 0.507031 0.084375 0.0234375 0.456413
0 0.605469 0.98125 0.0140625 0.028125 0.489558
0 0.209375 0.504687 0.0125 0.025 0.491576
0 0.0703125 0.4375 0.08125 0.1 0.536658
0 0.576563 0.835156 0.015625 0.0671875 0.542932
0 0.960938 0.223438 0.0375 0.128125 0.567678
0 0.0101562 0.621875 0.0203125 0.034375 0.570515
0 0.967969 0.388281 0.0640625 0.0359375 0.59207
0 0.48125 0.963281 0.096875 0.0734375 0.668974
0 0.282031 0.410156 0.0265625 0.0671875 0.695794
0 0.428906 0.640625 0.0171875 0.090625 0.732777
0 0.263281 0.577344 0.0171875 0.0296875 0.738315
0 0.970312 0.519531 0.059375 0.176563 0.739905
0 0.342969 0.0328125 0.148438 0.065625 0.752573
0 0.728906 0.221875 0.0171875 0.115625 0.772957
0 0.0476562 0.954687 0.0921875 0.05625 0.82654
0 0.335938 0.899219 0.16875 0.0671875 0.837706
0 0.260156 0.1625 0.0578125 0.0375 0.850756
0 0.690625 0.240625 0.09375 0.065625 0.864404
0 0.653125 0.696875 0.08125 0.084375 0.866027
0 0.440625 0.341406 0.03125 0.126563 0.878479
0 0.191406 0.764063 0.0484375 0.09375 0.882944
0 0.0742188 0.525781 0.135937 0.0828125 0.893859
0 0.0390625 0.205469 0.078125 0.151562 0.90963
0 0.764844 0.457031 0.139062 0.126563 0.917769
0 0.592969 0.49375 0.0546875 0.09375 0.929506
0 0.547656 0.713281 0.0671875 0.129688 0.949025
