0 0.885156 0.482031 0.0265625 0.0109375 0.241083
0 0.894531 0.6 0.0140625 0.059375 0.308868
0 0.342187 0.710938 0.009375 0.10625 0.324245
0 0.970312 0.298438 0.025 0.046875 0.437391
0 0.557813 0.303906 0.009375 0.0265625 0.57047
0 0.248437 0.98125 0.13125 0.0375 0.655282
0 0.0929687 0.535937 0.110937 0.125 0.801636
0 0.775 0.274219 0.04375 0.0296875 0.81025
0 0.189063 0.339844 0.228125 0.0515625 0.837584
0 0.703906 0.939062 0.123438 0.121875 0.8387
0 0.0984375 0.852344 0.040625 0.295312 0.855419
0 0.507031 0.60625 0.223438 0.03125 0.883466
0 0.503125 0.289062 0.04375 0.075 0.891394
0 0.627344 0.741406 0.154687 0.0859375 0.911937
0 0.790625 0.35625 0.1625 0.078125 0.935463
0 0.319531 0.522656 0.132812 0.123438 0.938527
0 0.379687 0.310156 0.08125 0.120312 0.94335
