0 0.145313 0.00859375 0.090625 0.0171875 0.103391
0 0.529688 0.620313 0.015625 0.00625 0.106257
0 0.889063 0.955469 0.0875 0.0890625 0.144225
0 0.265625 0.183594 0.134375 0.0171875 0.146822
0 0.703125 0.415625 0.028125 0.0625 0.162687
0 0.0203125 0.05625 0.0375 0.1125 0.19188
0 0.504687 0.978906 0.071875 0.0328125 0.264756
0 0.0289063 0.25625 0.0484375 0.1 0.29971
0 0.24375 0.160938 0.14375 0.03125 0.306675
0 0.236719 0.16875 0.117188 0.01875 0.37984
0 0.825 0.888281 0.3375 0.0734375 0.39043
0 0.234375 0.259375 0.13125 0.23125 0.404008
0 0.172656 0.00859375 0.0328125 0.0171875 0.432489
0 0.0210938 0.257812 0.0390625 0.03125 0.434549
0 0.263281 0.096875 0.0734375 0.0125 0.593142
0 0.234375 0.151562 0.134375 0.021875 0.595792
0 0.185156 0.26875 0.0359375 0.2375 0.652652
0 0.267188 0.311719 0.03125 0.132812 0.687639
0 0.259375 0.175 0.134375 0.021875 0.699339
0 0.0429688 0.264062 0.0390625 0.165625 0.755435
0 0.034375 0.0984375 0.015625 0.040625 0.778994
0 0.446094 0.015625 0.0703125 0.03125 0.785999
0 0.119531 0.451562 0.192188 0.271875 0.791312
0 0.297656 0.8625 0.0203125 0.09375 0.844626
0 0.557813 0.248437 0.084375 0.1 0.856473
0 0.499219 0.867188 0.126563 0.065625 0.871687
0 0.502344 0.675 0.0859375 0.05 0.884132
0 0.346094 0.853906 0.0265625 0.189063 0.895127
0 0.490625 0.111719 0.415625 0.223438 0.902736
0 0.245312 0.413281 0.203125 0.0578125 0.903613
0 0.315625 0.582031 0.1375 0.0515625 0.911783
0 0.4875 0.807031 0.10625 0.0453125 0.921426
0 0.607031 0.558594 0.148438 0.0421875 0.921863
0 0.555469 0.425781 0.135937 0.0859375 0.922954
0 0.678906 0.221875 0.0765625 0.2125 0.932809
0 0.110156 0.6125 0.129688 0.05625 0.940265
0 0.145313 0.791406 0.153125 0.160938 0.941732
