0 0.403005 0.499519 0.0175481 0.14391 0.712472
0 0.760096 0.546795 0.00673077 0.0269231 0.729895
0 0.871755 0.108173 0.0430288 0.0753205 0.732654
0 0.104687 0.951122 0.11226 0.0971154 0.739458
0 0.282332 0.920032 0.040625 0.0714744 0.739644
0 0.392788 0.0439103 0.0543269 0.0794872 0.746486
0 0.753966 0.811218 0.0108173 0.0929487 0.76173
0 0.337139 0.163141 0.0213942 0.0839744 0.761928
0 0.422356 0.64391 0.0245192 0.0570513 0.803378
0 0.355288 0.560417 0.0278846 0.0951923 0.820045
0 0.486058 0.105449 0.0548077 0.162179 0.823361
0 0.334255 0.517788 0.0247596 0.0516026 0.832893
0 0.345553 0.451282 0.0454327 0.0237179 0.834059
0 0.942067 0.367308 0.0134615 0.108974 0.836053
0 0.0875 0.817628 0.0302885 0.0294872 0.846205
0 0.16875 0.142628 0.0370192 0.0698718 0.859108
0 0.969832 0.782532 0.0603365 0.108013 0.865624
0 0.71274 0.357051 0.0524038 0.161538 0.869494
0 0.646755 0.794231 0.120913 0.407051 0.892193
0 0.739904 0.870673 0.0701923 0.154808 0.892674
0 0.285577 0.272115 0.0451923 0.297436 0.894807
0 0.148197 0.525321 0.0622596 0.0269231 0.895086
0 0.436779 0.302083 0.0447115 0.0900641 0.89672
0 0.904087 0.513942 0.0225962 0.0451923 0.903296
0 0.691827 0.0689103 0.0221154 0.137821 0.908374
0 0.614663 0.473878 0.0461538 0.130449 0.911142
0 0.552885 0.658333 0.0798077 0.115385 0.916466
0 0.253125 0.361378 0.0341346 0.0714744 0.920446
0 0.671755 0.495513 0.0420673 0.0621795 0.920731
0 0.241466 0.728365 0.178606 0.288782 0.926191
0 0.204207 0.347917 0.0358173 0.103526 0.926859
0 0.884014 0.741987 0.0709135 0.113462 0.948634
