0 0.4 0.699519 0.00961538 0.0330128 0.733055
0 0.252043 0.537821 0.0117788 0.0141026 0.769181
0 0.320192 0.705128 0.00769231 0.0525641 0.814778
0 0.426202 0.465545 0.0168269 0.0541667 0.904001
0 0.571755 0.652244 0.0175481 0.0576923 0.928362
0 0.4 0.699519 0.00961538 0.0330128 0.733055
0 0.252043 0.537821 0.0117788 0.0141026 0.769181
0 0.320192 0.705128 0.00769231 0.0525641 0.814778
0 0.426202 0.465545 0.0168269 0.0541667 0.904001
0 0.571755 0.652244 0.0175481 0.0576923 0.928362
0 0.161178 0.590224 0.0132212 0.011859 0.723805
0 0.320793 0.707372 0.00600962 0.0519231 0.742264
0 0.400361 0.699679 0.00985577 0.0339744 0.760836
0 0.252644 0.538141 0.0129808 0.0173077 0.813752
0 0.554567 0.514263 0.151442 0.0907051 0.880598
0 0.426202 0.465865 0.0173077 0.0509615 0.913627
0 0.571755 0.652244 0.0180288 0.0551282 0.936804
0 0.161178 0.590224 0.0132212 0.011859 0.723805
0 0.320793 0.707372 0.00600962 0.0519231 0.742264
0 0.400361 0.699679 0.00985577 0.0339744 0.760836
0 0.252644 0.538141 0.0129808 0.0173077 0.813752
0 0.554567 0.514263 0.151442 0.0907051 0.880598
0 0.426202 0.465865 0.0173077 0.0509615 0.913627
0 0.571755 0.652244 0.0180288 0.0551282 0.936804
