0 0.703045 0.507692 0.0157051 0.00769231 0.71395
0 0.109615 0.14976 0.0134615 0.0134615 0.744415
0 0.769551 0.923918 0.392308 0.0213942 0.746645
0 0.0341346 0.35613 0.0214744 0.0689904 0.761287
0 0.107692 0.463822 0.147436 0.0103365 0.786504
0 0.678205 0.554928 0.0185897 0.009375 0.831125
0 0.372115 0.438942 0.00961538 0.0336538 0.831538
0 0.0897436 0.232933 0.0166667 0.0807692 0.868719
0 0.427404 0.14976 0.0355769 0.198077 0.890845
0 0.219231 0.330649 0.2 0.021875 0.891261
0 0.356891 0.81274 0.0894231 0.3625 0.918553
